-1.571568281162972203e-01
-1.569167060477612563e-01
-1.566773633442162250e-01
-1.564387983105347824e-01
-1.562010092570073616e-01
-1.559639944993251870e-01
-1.557277523585646750e-01
-1.554922811611727795e-01
-1.552575792389500886e-01
-1.550236449290361418e-01
-1.547904765738923605e-01
-1.545580725212885864e-01
-1.543264311242854014e-01
-1.540955507412207770e-01
-1.538654297356931711e-01
-1.536360664765465123e-01
-1.534074593378570717e-01
-1.531796066989140337e-01
-1.529525069442086993e-01
-1.527261584634162783e-01
-1.525005596513830941e-01
-1.522757089081107074e-01
-1.520516046387409836e-01
-1.518282452535419935e-01
-1.516056291678912760e-01
-1.513837548022649027e-01
-1.511626205822185209e-01
-1.509422249383751968e-01
-1.507225663064112320e-01
-1.505036431270405928e-01
-1.502854538460004774e-01
-1.500679969140387426e-01
-1.498512707868964178e-01
-1.496352739252971020e-01
-1.494200047949296450e-01
-1.492054618664366561e-01
-1.489916436153984336e-01
-1.487785485223196424e-01
-1.485661750726164909e-01
-1.483545217566004382e-01
-1.481435870694665646e-01
-1.479333695112792224e-01
-1.477238675869571027e-01
-1.475150798062617452e-01
-1.473070046837817448e-01
-1.470996407389209282e-01
-1.468929864958826992e-01
-1.466870404836595476e-01
-1.464818012360180055e-01
-1.462772672914833261e-01
-1.460734371933307962e-01
-1.458703094895679730e-01
-1.456678827329247750e-01
-1.454661554808378554e-01
-1.452651262954398614e-01
-1.450647937435445012e-01
-1.448651563966334987e-01
-1.446662128308462414e-01
-1.444679616269631262e-01
-1.442704013703968446e-01
-1.440735306511751190e-01
-1.438773480639324864e-01
-1.436818522078945892e-01
-1.434870416868649912e-01
-1.432929151092158793e-01
-1.430994710878731591e-01
-1.429067082403047417e-01
-1.427146251885077766e-01
-1.425232205589950785e-01
-1.423324929827867180e-01
-1.421424410953923134e-01
-1.419530635368033422e-01
-1.417643589514790137e-01
-1.415763259883336123e-01
-1.413889633007257840e-01
-1.412022695464457134e-01
-1.410162433877040489e-01
-1.408308834911174978e-01
-1.406461885276996948e-01
-1.404621571728486285e-01
-1.402787881063330411e-01
-1.400960800122840466e-01
-1.399140315791801148e-01
-1.397326414998376898e-01
-1.395519084713980895e-01
-1.393718311953162647e-01
-1.391924083773504461e-01
-1.390136387275484886e-01
-1.388355209602397389e-01
-1.386580537940191871e-01
-1.384812359517407498e-01
-1.383050661605027820e-01
-1.381295431516372241e-01
-1.379546656606996935e-01
-1.377804324274586045e-01
-1.376068421958805410e-01
-1.374338937141241501e-01
-1.372615857345250157e-01
-1.370899170135887191e-01
-1.369188863119739086e-01
-1.367484923944873587e-01
-1.365787340300712582e-01
-1.364096099917901650e-01
-1.362411190568230956e-01
-1.360732600064516185e-01
-1.359060316260478074e-01
-1.357394327050667759e-01
-1.355734620370336319e-01
-1.354081184195330412e-01
-1.352434006542009015e-01
-1.350793075467101867e-01
-1.349158379067638136e-01
-1.347529905480826518e-01
-1.345907642883953925e-01
-1.344291579494291122e-01
-1.342681703568961715e-01
-1.341078003404888863e-01
-1.339480467338645675e-01
-1.337889083746376662e-01
-1.336303841043700313e-01
-1.334724727685585310e-01
-1.333151732166286685e-01
-1.331584843019209263e-01
-1.330024048816834392e-01
-1.328469338170606695e-01
-1.326920699730838871e-01
-1.325378122186619823e-01
-1.323841594265695309e-01
-1.322311104734405496e-01
-1.320786642397565047e-01
-1.319268196098355717e-01
-1.317755754718255845e-01
-1.316249307176926564e-01
-1.314748842432129083e-01
-1.313254349479622551e-01
-1.311765817353054142e-01
-1.310283235123907986e-01
-1.308806591901355287e-01
-1.307335876832202703e-01
-1.305871079100784649e-01
-1.304412187928863653e-01
-1.302959192575543768e-01
-1.301512082337186738e-01
-1.300070846547306258e-01
-1.298635474576489979e-01
-1.297205955832290425e-01
-1.295782279759153388e-01
-1.294364435838310512e-01
-1.292952413587712124e-01
-1.291546202561902057e-01
-1.290145792351966025e-01
-1.288751172585423377e-01
-1.287362332926142161e-01
-1.285979263074238654e-01
-1.284601952766009914e-01
-1.283230391773838297e-01
-1.281864569906096818e-01
-1.280504477007080311e-01
-1.279150102956890800e-01
-1.277801437671380047e-01
-1.276458471102045744e-01
-1.275121193235956019e-01
-1.273789594095655620e-01
-1.272463663739084594e-01
-1.271143392259503901e-01
-1.269828769785390221e-01
-1.268519786480368228e-01
-1.267216432543129823e-01
-1.265918698207337267e-01
-1.264626573741546300e-01
-1.263340049449128422e-01
-1.262059115668185405e-01
-1.260783762771466587e-01
-1.259513981166288654e-01
-1.258249761294454871e-01
-1.256991093632171541e-01
-1.255737968689975281e-01
-1.254490377012641711e-01
-1.253248309179105235e-01
-1.252011755802401871e-01
-1.250780707529557112e-01
-1.249555155041535970e-01
-1.248335089053147218e-01
-1.247120500312972613e-01
-1.245911379603277802e-01
-1.244707717739954034e-01
-1.243509505572431562e-01
-1.242316733983594990e-01
-1.241129393889705279e-01
-1.239947476240358670e-01
-1.238770972018352901e-01
-1.237599872239663612e-01
-1.236434167953330276e-01
-1.235273850241411231e-01
-1.234118910218893472e-01
-1.232969339033614942e-01
-1.231825127866202352e-01
-1.230686267929986533e-01
-1.229552750470936096e-01
-1.228424566767579440e-01
-1.227301708130942859e-01
-1.226184165904450896e-01
-1.225071931463880825e-01
-1.223964996217287160e-01
-1.222863351604922821e-01
-1.221766989099153100e-01
-1.220675900204424291e-01
-1.219590076457152394e-01
-1.218509509425673709e-01
-1.217434190710169062e-01
-1.216364111942599413e-01
-1.215299264786625366e-01
-1.214239640937544717e-01
-1.213185232122221402e-01
-1.212136030099031925e-01
-1.211092026657752674e-01
-1.210053213619543822e-01
-1.209019582836851070e-01
-1.207991126193352638e-01
-1.206967835603876549e-01
-1.205949703014336516e-01
-1.204936720401684758e-01
-1.203928879773810967e-01
-1.202926173169524826e-01
-1.201928592658418338e-01
-1.200936130340890529e-01
-1.199948778347993683e-01
-1.198966528841424184e-01
-1.197989374013443964e-01
-1.197017306086804178e-01
-1.196050317314700240e-01
-1.195088399980695770e-01
-1.194131546398641830e-01
-1.193179748912658322e-01
-1.192232999897017698e-01
-1.191291291756130799e-01
-1.190354616924443054e-01
-1.189422967866395620e-01
-1.188496337076367371e-01
-1.187574717078582198e-01
-1.186658100427083751e-01
-1.185746479705647727e-01
-1.184839847527734691e-01
-1.183938196536434007e-01
-1.183041519404368358e-01
-1.182149808833690696e-01
-1.181263057555961005e-01
-1.180381258332141858e-01
-1.179504403952494063e-01
-1.178632487236559445e-01
-1.177765501033053996e-01
-1.176903438219853992e-01
-1.176046291703905788e-01
-1.175194054421181133e-01
-1.174346719336619160e-01
-1.173504279444060050e-01
-1.172666727766203121e-01
-1.171834057354526615e-01
-1.171006261289254669e-01
-1.170183332679276544e-01
-1.169365264662107773e-01
-1.168552050403822151e-01
-1.167743683099022045e-01
-1.166940155970728199e-01
-1.166141462270382234e-01
-1.165347595277741732e-01
-1.164558548300878293e-01
-1.163774314676074839e-01
-1.162994887767786478e-01
-1.162220260968593044e-01
-1.161450427699143029e-01
-1.160685381408086969e-01
-1.159925115572044418e-01
-1.159169623695525397e-01
-1.158418899310897920e-01
-1.157672935978319162e-01
-1.156931727285705758e-01
-1.156195266848649428e-01
-1.155463548310388944e-01
-1.154736565341745458e-01
-1.154014311641066437e-01
-1.153296780934200405e-01
-1.152583966974403962e-01
-1.151875863542335399e-01
-1.151172464445958110e-01
-1.150473763520523662e-01
-1.149779754628517947e-01
-1.149090431659590683e-01
-1.148405788530508231e-01
-1.147725819185131391e-01
-1.147050517594338792e-01
-1.146379877755979715e-01
-1.145713893694834673e-01
-1.145052559462557684e-01
-1.144395869137634913e-01
-1.143743816825327220e-01
-1.143096396657629632e-01
-1.142453602793217504e-01
-1.141815429417398220e-01
-1.141181870742064841e-01
-1.140552921005661413e-01
-1.139928574473104139e-01
-1.139308825435758066e-01
-1.138693668211394339e-01
-1.138083097144127476e-01
-1.137477106604379284e-01
-1.136875690988818632e-01
-1.136278844720328141e-01
-1.135686562247968656e-01
-1.135098838046889880e-01
-1.134515666618350904e-01
-1.133937042489609193e-01
-1.133362960213923631e-01
-1.132793414370479035e-01
-1.132228399564350063e-01
-1.131667910426471801e-01
-1.131111941613581195e-01
-1.130560487808160708e-01
-1.130013543718427771e-01
-1.129471104078257626e-01
-1.128933163647160842e-01
-1.128399717210229192e-01
-1.127870759578093185e-01
-1.127346285586887931e-01
-1.126826290098204009e-01
-1.126310767999038343e-01
-1.125799714201771440e-01
-1.125293123644101057e-01
-1.124790991289011666e-01
-1.124293312124742539e-01
-1.123800081164729459e-01
-1.123311293447574188e-01
-1.122826944036993957e-01
-1.122347028021790927e-01
-1.121871540515800569e-01
-1.121400476657860856e-01
-1.120933831611760356e-01
-1.120471600566217418e-01
-1.120013778734816334e-01
-1.119560361355995126e-01
-1.119111343692962557e-01
-1.118666721033716172e-01
-1.118226488690953757e-01
-1.117790642002049750e-01
-1.117359176329042747e-01
-1.116932087058545575e-01
-1.116509369601758894e-01
-1.116091019394383210e-01
-1.115677031896632476e-01
-1.115267402593154711e-01
-1.114862126993010072e-01
-1.114461200629633109e-01
-1.114064619060802785e-01
-1.113672377868583363e-01
-1.113284472659307189e-01
-1.112900899063531956e-01
-1.112521652736006283e-01
-1.112146729355627528e-01
-1.111776124625395989e-01
-1.111409834272418795e-01
-1.111047854047812755e-01
-1.110690179726725180e-01
-1.110336807108272261e-01
-1.109987732015488282e-01
-1.109642950295332275e-01
-1.109302457818615029e-01
-1.108966250479975491e-01
-1.108634324197855237e-01
-1.108306674914447121e-01
-1.107983298595678068e-01
-1.107664191231168549e-01
-1.107349348834192337e-01
-1.107038767441639870e-01
-1.106732443114014086e-01
-1.106430371935341050e-01
-1.106132550013204374e-01
-1.105838973478655562e-01
-1.105549638486204578e-01
-1.105264541213799856e-01
-1.104983677862764191e-01
-1.104707044657786130e-01
-1.104434637846874734e-01
-1.104166453701332928e-01
-1.103902488515735025e-01
-1.103642738607871210e-01
-1.103387200318744488e-01
-1.103135870012509623e-01
-1.102888744076465644e-01
-1.102645818921002829e-01
-1.102407090979596882e-01
-1.102172556708752305e-01
-1.101942212588000736e-01
-1.101716055119834614e-01
-1.101494080829708566e-01
-1.101276286265994164e-01
-1.101062667999944122e-01
-1.100853222625672867e-01
-1.100647946760127949e-01
-1.100446837043056181e-01
-1.100249890136971720e-01
-1.100057102727124703e-01
-1.099868471521480706e-01
-1.099683993250678005e-01
-1.099503664668031455e-01
-1.099327482549448121e-01
-1.099155443693458911e-01
-1.098987544921144477e-01
-1.098823783076126048e-01
-1.098664155024543232e-01
-1.098508657655013765e-01
-1.098357287878599375e-01
-1.098210042628806893e-01
-1.098066918861542174e-01
-1.097927913555059587e-01
-1.097793023709986993e-01
-1.097662246349246362e-01
-1.097535578518079313e-01
-1.097413017283950798e-01
-1.097294559736607389e-01
-1.097180202987967090e-01
-1.097069944172161526e-01
-1.096963780445467385e-01
-1.096861708986287265e-01
-1.096763726995145516e-01
-1.096669831694637720e-01
-1.096580020329412097e-01
-1.096494290166158403e-01
-1.096412638493552694e-01
-1.096335062622265932e-01
-1.096261559884912362e-01
-1.096192127636043678e-01
-1.096126763252106007e-01
-1.096065464131433520e-01
-1.096008227694205972e-01
-1.095955051382445367e-01
-1.095905932659971549e-01
-1.095860869012394156e-01
-1.095819857947062936e-01
-1.095782896993087729e-01
-1.095749983701274077e-01
-1.095721115644124055e-01
-1.095696290415794361e-01
-1.095675505632084379e-01
-1.095658758930412036e-01
-1.095646047969804082e-01
-1.095637370430828927e-01
-1.095632724015637438e-01
-1.095632106447885779e-01
-1.095635515472739574e-01
-1.095642948856850596e-01
-1.095654404388325676e-01
-1.095669879876713382e-01
-1.095689373152980151e-01
-1.095712882069478922e-01
-1.095740404499948306e-01
-1.095771938339455687e-01
-1.095807481504422476e-01
-1.095847031932568050e-01
-1.095890587582894204e-01
-1.095938146435682659e-01
-1.095989706492452032e-01
-1.096045265775945354e-01
-1.096104822330114248e-01
-1.096168374220095332e-01
-1.096235919532171366e-01
-1.096307456373802891e-01
-1.096382982873546630e-01
-1.096462497181069085e-01
-1.096545997467123779e-01
-1.096633481923523779e-01
-1.096724948763133367e-01
-1.096820396219848059e-01
-1.096919822548551027e-01
-1.097023226025112819e-01
-1.097130604946391363e-01
-1.097241957630171738e-01
-1.097357282415184210e-01
-1.097476577661073149e-01
-1.097599841748351512e-01
-1.097727073078429150e-01
-1.097858270073562015e-01
-1.097993431176849388e-01
-1.098132554852204734e-01
-1.098275639584345709e-01
-1.098422683878772232e-01
-1.098573686261752336e-01
-1.098728645280296901e-01
-1.098887559502165490e-01
-1.099050427515805284e-01
-1.099217247930374119e-01
-1.099388019375709125e-01
-1.099562740502315894e-01
-1.099741409981324913e-01
-1.099924026504514318e-01
-1.100110588784267152e-01
-1.100301095553559427e-01
-1.100495545565954303e-01
-1.100693937595564886e-01
-1.100896270437066449e-01
-1.101102542905653681e-01
-1.101312753837030423e-01
-1.101526902087409665e-01
-1.101744986533479687e-01
-1.101967006072413213e-01
-1.102192959621808299e-01
-1.102422846119719135e-01
-1.102656664524604979e-01
-1.102894413815352637e-01
-1.103136092991213180e-01
-1.103381701071827481e-01
-1.103631237097199291e-01
-1.103884700127680252e-01
-1.104142089243932701e-01
-1.104403403546956874e-01
-1.104668642158053993e-01
-1.104937804218801556e-01
-1.105210888891063614e-01
-1.105487895356944972e-01
-1.105768822818817554e-01
-1.106053670499272945e-01
-1.106342437641125998e-01
-1.106635123507391238e-01
-1.106931727381278430e-01
-1.107232248566168420e-01
-1.107536686385613423e-01
-1.107845040183303431e-01
-1.108157309323077877e-01
-1.108473493188894543e-01
-1.108793591184830674e-01
-1.109117602735049113e-01
-1.109445527283809407e-01
-1.109777364295435609e-01
-1.110113113254314610e-01
-1.110452773664881154e-01
-1.110796345051610623e-01
-1.111143826958998493e-01
-1.111495218951544239e-01
-1.111850520613756887e-01
-1.112209731550128922e-01
-1.112572851385124073e-01
-1.112939879763162887e-01
-1.113310816348639376e-01
-1.113685660825867729e-01
-1.114064412899101741e-01
-1.114447072292503726e-01
-1.114833638750147848e-01
-1.115224112036002913e-01
-1.115618491933918488e-01
-1.116016778247617691e-01
-1.116418970800681087e-01
-1.116825069436548357e-01
-1.117235074018488872e-01
-1.117648984429616132e-01
-1.118066800572842245e-01
-1.118488522370909566e-01
-1.118914149766338517e-01
-1.119343682721440913e-01
-1.119777121218317739e-01
-1.120214465258826952e-01
-1.120655714864590702e-01
-1.121100870076966460e-01
-1.121549930957060903e-01
-1.122002897585704373e-01
-1.122459770063442552e-01
-1.122920548510530914e-01
-1.123385233066930278e-01
-1.123853823892272397e-01
-1.124326321165893816e-01
-1.124802725086783695e-01
-1.125283035873593795e-01
-1.125767253764642928e-01
-1.126255379017877534e-01
-1.126747411910883345e-01
-1.127243352740880389e-01
-1.127743201824688013e-01
-1.128246959498753199e-01
-1.128754626119108373e-01
-1.129266202061389723e-01
-1.129781687720806116e-01
-1.130301083512134652e-01
-1.130824389869746205e-01
-1.131351607247533253e-01
-1.131882736118968724e-01
-1.132417776977046597e-01
-1.132956730334310769e-01
-1.133499596722822855e-01
-1.134046376694154978e-01
-1.134597070819409192e-01
-1.135151679689169191e-01
-1.135710203913524730e-01
-1.136272644122057751e-01
-1.136839000963821844e-01
-1.137409275107348350e-01
-1.137983467240635260e-01
-1.138561578071128899e-01
-1.139143608325741686e-01
-1.139729558750822158e-01
-1.140319430112158861e-01
-1.140913223194964243e-01
-1.141510938803877440e-01
-1.142112577762962600e-01
-1.142718140915679470e-01
-1.143327629124906153e-01
-1.143941043272903024e-01
-1.144558384261335493e-01
-1.145179653011242360e-01
-1.145804850463038593e-01
-1.146433977576516994e-01
-1.147067035330838758e-01
-1.147704024724508498e-01
-1.148344946775400333e-01
-1.148989802520718473e-01
-1.149638593017021093e-01
-1.150291319340203122e-01
-1.150947982585469598e-01
-1.151608583867370639e-01
-1.152273124319762032e-01
-1.152941605095799682e-01
-1.153614027367981798e-01
-1.154290392328061188e-01
-1.154970701187128523e-01
-1.155654955175534626e-01
-1.156343155542918777e-01
-1.157035303558207051e-01
-1.157731400509604547e-01
-1.158431447704570405e-01
-1.159135446469838904e-01
-1.159843398151387261e-01
-1.160555304114457842e-01
-1.161271165743550382e-01
-1.161990984442381469e-01
-1.162714761633930616e-01
-1.163442498760403621e-01
-1.164174197283223133e-01
-1.164909858683055854e-01
-1.165649484459774232e-01
-1.166393076132470896e-01
-1.167140635239450885e-01
-1.167892163338211109e-01
-1.168647662005476984e-01
-1.169407132837145258e-01
-1.170170577448315097e-01
-1.170937997473279202e-01
-1.171709394565501050e-01
-1.172484770397645981e-01
-1.173264126661527906e-01
-1.174047465068152052e-01
-1.174834787347684428e-01
-1.175626095249456271e-01
-1.176421390541960710e-01
-1.177220675012841111e-01
-1.178023950468889969e-01
-1.178831218736061115e-01
-1.179642481659433084e-01
-1.180457741103252411e-01
-1.181276998950873125e-01
-1.182100257104806706e-01
-1.182927517486671021e-01
-1.183758782037229729e-01
-1.184594052716351764e-01
-1.185433331503035759e-01
-1.186276620395396164e-01
-1.187123921410653815e-01
-1.187975236585139260e-01
-1.188830567974285546e-01
-1.189689917652627660e-01
-1.190553287713808084e-01
-1.191420680270555699e-01
-1.192292097454688005e-01
-1.193167541417113897e-01
-1.194047014327844214e-01
-1.194930518375938444e-01
-1.195818055769561350e-01
-1.196709628735941888e-01
-1.197605239521393750e-01
-1.198504890391280386e-01
-1.199408583630051095e-01
-1.200316321541211040e-01
-1.201228106447320143e-01
-1.202143940690005852e-01
-1.203063826629953148e-01
-1.203987766646884006e-01
-1.204915763139585705e-01
-1.205847818525878634e-01
-1.206783935242640715e-01
-1.207724115745779092e-01
-1.208668362510242344e-01
-1.209616678030014381e-01
-1.210569064818113882e-01
-1.211525525406584314e-01
-1.212486062346489479e-01
-1.213450678207947941e-01
-1.214419375580061411e-01
-1.215392157070978585e-01
-1.216369025307846297e-01
-1.217349982936838382e-01
-1.218335032623137359e-01
-1.219324177050928326e-01
-1.220317418923400066e-01
-1.221314760962762813e-01
-1.222316205910205511e-01
-1.223321756525919679e-01
-1.224331415589112182e-01
-1.225345185897958045e-01
-1.226363070269644306e-01
-1.227385071540325057e-01
-1.228411192565164178e-01
-1.229441436218281503e-01
-1.230475805392797772e-01
-1.231514303000806887e-01
-1.232556931973379788e-01
-1.233603695260554467e-01
-1.234654595831343737e-01
-1.235709636673730238e-01
-1.236768820794655332e-01
-1.237832151220030208e-01
-1.238899630994730328e-01
-1.239971263182577110e-01
-1.241047050866363466e-01
-1.242126997147820489e-01
-1.243211105147634665e-01
-1.244299378005451207e-01
-1.245391818879842960e-01
-1.246488430948348713e-01
-1.247589217407425455e-01
-1.248694181472482234e-01
-1.249803326377851853e-01
-1.250916655376809739e-01
-1.252034171741567836e-01
-1.253155878763252407e-01
-1.254281779751911796e-01
-1.255411878036539197e-01
-1.256546176965025463e-01
-1.257684679904182423e-01
-1.258827390239751765e-01
-1.259974311376371170e-01
-1.261125446737599853e-01
-1.262280799765885808e-01
-1.263440373922601334e-01
-1.264604172688005290e-01
-1.265772199561257527e-01
-1.266944458060430545e-01
-1.268120951722460088e-01
-1.269301684103192329e-01
-1.270486658777355005e-01
-1.271675879338557968e-01
-1.272869349399289307e-01
-1.274067072590929772e-01
-1.275269052563716699e-01
-1.276475292986763432e-01
-1.277685797548067659e-01
-1.278900569954469213e-01
-1.280119613931698930e-01
-1.281342933224325908e-01
-1.282570531595774166e-01
-1.283802412828339845e-01
-1.285038580723143475e-01
-1.286279039100177157e-01
-1.287523791798264594e-01
-1.288772842675066088e-01
-1.290026195607080761e-01
-1.291283854489650440e-01
-1.292545823236929681e-01
-1.293812105781914634e-01
-1.295082706076407519e-01
-1.296357628091047709e-01
-1.297636875815271207e-01
-1.298920453257344509e-01
-1.300208364444320197e-01
-1.301500613422069685e-01
-1.302797204255260466e-01
-1.304098141027352775e-01
-1.305403427840604591e-01
-1.306713068816052203e-01
-1.308027068093526313e-01
-1.309345429831617613e-01
-1.310668158207720646e-01
-1.311995257417971628e-01
-1.313326731677298409e-01
-1.314662585219365520e-01
-1.316002822296622465e-01
-1.317347447180250430e-01
-1.318696464160180049e-01
-1.320049877545092509e-01
-1.321407691662413453e-01
-1.322769910858287434e-01
-1.324136539497601794e-01
-1.325507581963958903e-01
-1.326883042659681156e-01
-1.328262926005808753e-01
-1.329647236442089708e-01
-1.331035978426970412e-01
-1.332429156437596740e-01
-1.333826774969820161e-01
-1.335228838538161655e-01
-1.336635351675827810e-01
-1.338046318934707490e-01
-1.339461744885352412e-01
-1.340881634116988241e-01
-1.342305991237490170e-01
-1.343734820873387359e-01
-1.345168127669857383e-01
-1.346605916290714577e-01
-1.348048191418407815e-01
-1.349494957754025504e-01
-1.350946220017252286e-01
-1.352401982946406789e-01
-1.353862251298412755e-01
-1.355327029848780729e-01
-1.356796323391634140e-01
-1.358270136739672673e-01
-1.359748474724178369e-01
-1.361231342195002303e-01
-1.362718744020569028e-01
-1.364210685087858255e-01
-1.365707170302387641e-01
-1.367208204588237774e-01
-1.368713792888016645e-01
-1.370223940162854093e-01
-1.371738651392399588e-01
-1.373257931574826674e-01
-1.374781785726793548e-01
-1.376310218883471936e-01
-1.377843236098508228e-01
-1.379380842444024036e-01
-1.380923043010624518e-01
-1.382469842907363966e-01
-1.384021247261745802e-01
-1.385577261219728129e-01
-1.387137889945695979e-01
-1.388703138622454092e-01
-1.390273012451223589e-01
-1.391847516651633643e-01
-1.393426656461711488e-01
-1.395010437137866321e-01
-1.396598863954873759e-01
-1.398191942205895821e-01
-1.399789677202423199e-01
-1.401392074274324662e-01
-1.402999138769768783e-01
-1.404610876055278346e-01
-1.406227291515663724e-01
-1.407848390554048423e-01
-1.409474178591842430e-01
-1.411104661068741106e-01
-1.412739843442709087e-01
-1.414379731189957523e-01
-1.416024329804947413e-01
-1.417673644800369614e-01
-1.419327681707146516e-01
-1.420986446074387621e-01
-1.422649943469422862e-01
-1.424318179477745416e-01
-1.425991159703035027e-01
-1.427668889767106375e-01
-1.429351375309955707e-01
-1.431038621989663695e-01
-1.432730635482472037e-01
-1.434427421482691867e-01
-1.436128985702756489e-01
-1.437835333873143107e-01
-1.439546471742426115e-01
-1.441262405077199382e-01
-1.442983139662106229e-01
-1.444708681299796127e-01
-1.446439035810929696e-01
-1.448174209034165383e-01
-1.449914206826116159e-01
-1.451659035061367842e-01
-1.453408699632440237e-01
-1.455163206449788804e-01
-1.456922561441771347e-01
-1.458686770554631917e-01
-1.460455839752510809e-01
-1.462229775017398481e-01
-1.464008582349128340e-01
-1.465792267765361201e-01
-1.467580837301575292e-01
-1.469374297011034058e-01
-1.471172652964776173e-01
-1.472975911251594439e-01
-1.474784077978023022e-01
-1.476597159268315806e-01
-1.478415161264426958e-01
-1.480238090125979844e-01
-1.482065952030287015e-01
-1.483898753172282481e-01
-1.485736499764542806e-01
-1.487579198037225492e-01
-1.489426854238093401e-01
-1.491279474632460356e-01
-1.493137065503190586e-01
-1.494999633150666529e-01
-1.496867183892778286e-01
-1.498739724064891976e-01
-1.500617260019826982e-01
-1.502499798127846509e-01
-1.504387344776628166e-01
-1.506279906371239541e-01
-1.508177489334134869e-01
-1.510080100105082312e-01
-1.511987745141199491e-01
-1.513900430916900186e-01
-1.515818163923872697e-01
-1.517740950671062627e-01
-1.519668797684636807e-01
-1.521601711507979404e-01
-1.523539698701639744e-01
-1.525482765843337862e-01
-1.527430919527901221e-01
-1.529384166367293574e-01
-1.531342512990523375e-01
-1.533305966043678192e-01
-1.535274532189858099e-01
-1.537248218109161235e-01
-1.539227030498661608e-01
-1.541210976072380778e-01
-1.543200061561250114e-01
-1.545194293713097466e-01
-1.547193679292609425e-01
-1.549198225081299118e-01
-1.551207937877494003e-01
-1.553222824496283683e-01
-1.555242891769500480e-01
-1.557268146545715548e-01
-1.559298595690162270e-01
-1.561334246084729038e-01
-1.563375104627941492e-01
-1.565421178234902566e-01
-1.567472473837292490e-01
-1.569528998383303287e-01
-1.571590758837630442e-01
-1.573657762181439046e-01
-1.575730015412324936e-01
-1.577807525544273615e-01
-1.579890299607646931e-01
-1.581978344649125900e-01
-1.584071667731692945e-01
-1.586170275934605245e-01
-1.588274176353327016e-01
-1.590383376099532842e-01
-1.592497882301026624e-01
-1.594617702101759349e-01
-1.596742842661759698e-01
-1.598873311157095189e-01
-1.601009114779849973e-01
-1.603150260738073762e-01
-1.605296756255760182e-01
-1.607448608572786264e-01
-1.609605824944894681e-01
-1.611768412643649340e-01
-1.613936378956378759e-01
-1.616109731186170517e-01
-1.618288476651782437e-01
-1.620472622687658126e-01
-1.622662176643838161e-01
-1.624857145885953980e-01
-1.627057537795147946e-01
-1.629263359768068908e-01
-1.631474619216808919e-01
-1.633691323568873255e-01
-1.635913480267113251e-01
-1.638141096769702432e-01
-1.640374180550089878e-01
-1.642612739096945274e-01
-1.644856779914126710e-01
-1.647106310520618511e-01
-1.649361338450517356e-01
-1.651621871252935136e-01
-1.653887916491990073e-01
-1.656159481746745654e-01
-1.658436574611182879e-01
-1.660719202694111440e-01
-1.663007373619151963e-01
-1.665301095024675493e-01
-1.667600374563767418e-01
-1.669905219904145866e-01
-1.672215638728143383e-01
-1.674531638732644767e-01
-1.676853227629024334e-01
-1.679180413143105954e-01
-1.681513203015106983e-01
-1.683851604999578866e-01
-1.686195626865370500e-01
-1.688545276395550521e-01
-1.690900561387365109e-01
-1.693261489652190810e-01
-1.695628069015451822e-01
-1.698000307316605562e-01
-1.700378212409026646e-01
-1.702761792160029097e-01
-1.705151054450714798e-01
-1.707546007175998470e-01
-1.709946658244494433e-01
-1.712353015578473858e-01
-1.714765087113834796e-01
-1.717182880799973943e-01
-1.719606404599791638e-01
-1.722035666489589167e-01
-1.724470674459029906e-01
-1.726911436511062159e-01
-1.729357960661854765e-01
-1.731810254940746030e-01
-1.734268327390161568e-01
-1.736732186065569894e-01
-1.739201839035403596e-01
-1.741677294380993279e-01
-1.744158560196493735e-01
-1.746645644588836199e-01
-1.749138555677641205e-01
-1.751637301595161400e-01
-1.754141890486207167e-01
-1.756652330508081672e-01
-1.759168629830493713e-01
-1.761690796635508871e-01
-1.764218839117464577e-01
-1.766752765482894616e-01
-1.769292583950472508e-01
-1.771838302750923244e-01
-1.774389930126947235e-01
-1.776947474333159804e-01
-1.779510943635991271e-01
-1.782080346313640873e-01
-1.784655690655989058e-01
-1.787236984964496456e-01
-1.789824237552151143e-01
-1.792417456743382043e-01
-1.795016650873992314e-01
-1.797621828291049439e-01
-1.800232997352831932e-01
-1.802850166428727752e-01
-1.805473343899175465e-01
-1.808102538155560435e-01
-1.810737757600132669e-01
-1.813379010645924660e-01
-1.816026305716680334e-01
-1.818679651246753459e-01
-1.821339055681016617e-01
-1.824004527474792914e-01
-1.826676075093747742e-01
-1.829353707013811059e-01
-1.832037431721093568e-01
-1.834727257711777360e-01
-1.837423193492045415e-01
-1.840125247577977796e-01
-1.842833428495456172e-01
-1.845547744780075550e-01
-1.848268204977072116e-01
-1.850994817641175572e-01
-1.853727591336560288e-01
-1.856466534636739829e-01
-1.859211656124448719e-01
-1.861962964391569164e-01
-1.864720468039019474e-01
-1.867484175676651925e-01
-1.870254095923163384e-01
-1.873030237405980958e-01
-1.875812608761180389e-01
-1.878601218633361714e-01
-1.881396075675546564e-01
-1.884197188549101010e-01
-1.887004565923584010e-01
-1.889818216476685797e-01
-1.892638148894098538e-01
-1.895464371869406972e-01
-1.898296894103984611e-01
-1.901135724306903807e-01
-1.903980871194779767e-01
-1.906832343491693949e-01
-1.909690149929074154e-01
-1.912554299245592393e-01
-1.915424800187013332e-01
-1.918301661506138789e-01
-1.921184891962626762e-01
-1.924074500322920933e-01
-1.926970495360121882e-01
-1.929872885853853304e-01
-1.932781680590169859e-01
-1.935696888361420065e-01
-1.938618517966099186e-01
-1.941546578208791507e-01
-1.944481077899989918e-01
-1.947422025855991001e-01
-1.950369430898784007e-01
-1.953323301855902638e-01
-1.956283647560302930e-01
-1.959250476850247225e-01
-1.962223798569167066e-01
-1.965203621565533298e-01
-1.968189954692720622e-01
-1.971182806808892130e-01
-1.974182186776850534e-01
-1.977188103463900504e-01
-1.980200565741738750e-01
-1.983219582486304144e-01
-1.986245162577611190e-01
-1.989277314899655646e-01
-1.992316048340266876e-01
-1.995361371790946858e-01
-1.998413294146762498e-01
-2.001471824306170211e-01
-2.004536971170882698e-01
-2.007608743645732385e-01
-2.010687150638533760e-01
-2.013772201059906841e-01
-2.016863903823157278e-01
-2.019962267844129800e-01
-2.023067302041029469e-01
-2.026179015334301781e-01
-2.029297416646476115e-01
-2.032422514901980337e-01
-2.035554319027031989e-01
-2.038692837949457326e-01
-2.041838080598545879e-01
-2.044990055904869486e-01
-2.048148772800175710e-01
-2.051314240217164686e-01
-2.054486467089383650e-01
-2.057665462351011554e-01
-2.060851234936738052e-01
-2.064043793781601410e-01
-2.067243147820790883e-01
-2.070449305989491284e-01
-2.073662277222718675e-01
-2.076882070455180473e-01
-2.080108694621041199e-01
-2.083342158653813669e-01
-2.086582471486139179e-01
-2.089829642049664260e-01
-2.093083679274794218e-01
-2.096344592090595427e-01
-2.099612389424573289e-01
-2.102887080202477943e-01
-2.106168673348164377e-01
-2.109457177783400361e-01
-2.112752602427665494e-01
-2.116054956197982451e-01
-2.119364248008724916e-01
-2.122680486771434394e-01
-2.126003681394638134e-01
-2.129333840783662612e-01
-2.132670973840407047e-01
-2.136015089463204619e-01
-2.139366196546594878e-01
-2.142724303981138334e-01
-2.146089420653231050e-01
-2.149461555444884819e-01
-2.152840717233542867e-01
-2.156226914891890001e-01
-2.159620157287628350e-01
-2.163020453283308608e-01
-2.166427811736075792e-01
-2.169842241497513813e-01
-2.173263751413400113e-01
-2.176692350323541358e-01
-2.180128047061526964e-01
-2.183570850454512602e-01
-2.187020769323049230e-01
-2.190477812480836617e-01
-2.193941988734513515e-01
-2.197413306883442274e-01
-2.200891775719507892e-01
-2.204377404026862663e-01
-2.207870200581746323e-01
-2.211370174152224033e-01
-2.214877333498009859e-01
-2.218391687370193655e-01
-2.221913244511026786e-01
-2.225442013653726736e-01
-2.228978003522207318e-01
-2.232521222830848862e-01
-2.236071680284306140e-01
-2.239629384577230820e-01
-2.243194344394059403e-01
-2.246766568408753439e-01
-2.250346065284585251e-01
-2.253932843673897013e-01
-2.257526912217817650e-01
-2.261128279546088526e-01
-2.264736954276749259e-01
-2.268352945015922328e-01
-2.271976260357591038e-01
-2.275606908883296420e-01
-2.279244899161926297e-01
-2.282890239749429950e-01
-2.286542939188598300e-01
-2.290203006008779685e-01
-2.293870448725641165e-01
-2.297545275840885415e-01
-2.301227495842002035e-01
-2.304917117202011090e-01
-2.308614148379209974e-01
-2.312318597816855892e-01
-2.316030473942970458e-01
-2.319749785169978873e-01
-2.323476539894543391e-01
-2.327210746497202498e-01
-2.330952413342149976e-01
-2.334701548776929592e-01
-2.338458161132168645e-01
-2.342222258721291528e-01
-2.345993849840244394e-01
-2.349772942767210937e-01
-2.353559545762314853e-01
-2.357353667067362268e-01
-2.361155314905513114e-01
-2.364964497481026884e-01
-2.368781222978942891e-01
-2.372605499564801601e-01
-2.376437335384333771e-01
-2.380276738563193994e-01
-2.384123717206623194e-01
-2.387978279399164405e-01
-2.391840433204367455e-01
-2.395710186664472552e-01
-2.399587547800094978e-01
-2.403472524609939764e-01
-2.407365125070468626e-01
-2.411265357135610188e-01
-2.415173228736419153e-01
-2.419088747780783200e-01
-2.423011922153084363e-01
-2.426942759713887066e-01
-2.430881268299638354e-01
-2.434827455722294864e-01
-2.438781329769048600e-01
-2.442742898201953894e-01
-2.446712168757635419e-01
-2.450689149146936252e-01
-2.454673847054587021e-01
-2.458666270138876175e-01
-2.462666426031285827e-01
-2.466674322336204206e-01
-2.470689966630532641e-01
-2.474713366463384689e-01
-2.478744529355676463e-01
-2.482783462799865726e-01
-2.486830174259536674e-01
-2.490884671169062425e-01
-2.494946960933273061e-01
-2.499017050927064831e-01
-2.503094948495084848e-01
-2.507180660951341400e-01
-2.511274195578828694e-01
-2.515375559629204893e-01
-2.519484760322396877e-01
-2.523601804846241636e-01
-2.527726700356105471e-01
-2.531859453974529828e-01
-2.536000072790830506e-01
-2.540148563860756825e-01
-2.544304934206075286e-01
-2.548469190814215413e-01
-2.552641340637870071e-01
-2.556821390594632426e-01
-2.561009347566578498e-01
-2.565205218399896347e-01
-2.569409009904491947e-01
-2.573620728853589501e-01
-2.577840381983346196e-01
-2.582067975992438091e-01
-2.586303517541684860e-01
-2.590547013253622355e-01
-2.594798469712108480e-01
-2.599057893461896862e-01
-2.603325291008271591e-01
-2.607600668816599798e-01
-2.611884033311910880e-01
-2.616175390878517915e-01
-2.620474747859568021e-01
-2.624782110556626025e-01
-2.629097485229269227e-01
-2.633420878094645534e-01
-2.637752295327033814e-01
-2.642091743057453090e-01
-2.646439227373199587e-01
-2.650794754317412627e-01
-2.655158329888648305e-01
-2.659529960040446506e-01
-2.663909650680881258e-01
-2.668297407672097776e-01
-2.672693236829907226e-01
-2.677097143923306000e-01
-2.681509134674033845e-01
-2.685929214756123118e-01
-2.690357389795452470e-01
-2.694793665369249469e-01
-2.699238047005690921e-01
-2.703690540183382174e-01
-2.708151150330939672e-01
-2.712619882826495799e-01
-2.717096742997230363e-01
-2.721581736118903194e-01
-2.726074867415385627e-01
-2.730576142058162015e-01
-2.735085565165882304e-01
-2.739603141803849118e-01
-2.744128876983560339e-01
-2.748662775662195079e-01
-2.753204842742144054e-01
-2.757755083070499991e-01
-2.762313501438583563e-01
-2.766880102581438239e-01
-2.771454891177331792e-01
-2.776037871847234495e-01
-2.780629049154352828e-01
-2.785228427603591017e-01
-2.789836011641039226e-01
-2.794451805653512810e-01
-2.799075813967952797e-01
-2.803708040850999561e-01
-2.808348490508395523e-01
-2.812997167084508865e-01
-2.817654074661802843e-01
-2.822319217260299551e-01
-2.826992598837049231e-01
-2.831674223285595149e-01
-2.836364094435450678e-01
-2.841062216051567502e-01
-2.845768591833773842e-01
-2.850483225416240440e-01
-2.855206120366944322e-01
-2.859937280187088149e-01
-2.864676708310620601e-01
-2.869424408103603552e-01
-2.874180382863689154e-01
-2.878944635819591369e-01
-2.883717170130455365e-01
-2.888497988885381229e-01
-2.893287095102774487e-01
-2.898084491729836509e-01
-2.902890181641956113e-01
-2.907704167642157778e-01
-2.912526452460507675e-01
-2.917357038753569665e-01
-2.922195929103769130e-01
-2.927043126018851193e-01
-2.931898631931262322e-01
-2.936762449197612979e-01
-2.941634580098003715e-01
-2.946515026835501150e-01
-2.951403791535507359e-01
-2.956300876245163689e-01
-2.961206282932736800e-01
-2.966120013487053564e-01
-2.971042069716831602e-01
-2.975972453350124169e-01
-2.980911166033658466e-01
-2.985858209332253876e-01
-2.990813584728181374e-01
-2.995777293620557336e-01
-3.000749337324715160e-01
-3.005729717071558005e-01
-3.010718434006947053e-01
-3.015715489191057586e-01
-3.020720883597766138e-01
-3.025734618113992136e-01
-3.030756693539032876e-01
-3.035787110583982873e-01
-3.040825869871034426e-01
-3.045872971932827022e-01
-3.050928417211838939e-01
-3.055992206059695571e-01
-3.061064338736513291e-01
-3.066144815410255520e-01
-3.071233636156046609e-01
-3.076330800955556777e-01
-3.081436309696256037e-01
-3.086550162170801359e-01
-3.091672358076335003e-01
-3.096802897013839484e-01
-3.101941778487410373e-01
-3.107089001903616809e-01
-3.112244566570777637e-01
-3.117408471698333017e-01
-3.122580716396077261e-01
-3.127761299673518236e-01
-3.132950220439171263e-01
-3.138147477499857452e-01
-3.143353069559979840e-01
-3.148566995220867248e-01
-3.153789252980019331e-01
-3.159019841230438219e-01
-3.164258758259873572e-01
-3.169506002250147558e-01
-3.174761571276406569e-01
-3.180025463306420663e-01
-3.185297676199840833e-01
-3.190578207707502889e-01
-3.195867055470676954e-01
-3.201164217020319169e-01
-3.206469689776383358e-01
-3.211783471047034988e-01
-3.217105558027938406e-01
-3.222435947801546297e-01
-3.227774637336275898e-01
-3.233121623485821772e-01
-3.238476902988394190e-01
-3.243840472465945313e-01
-3.249212328423446428e-01
-3.254592467248097476e-01
-3.259980885208590973e-01
-3.265377578454325969e-01
-3.270782543014673083e-01
-3.276195774798156268e-01
-3.281617269591734498e-01
-3.287047023059985751e-01
-3.292485030744364272e-01
-3.297931288062390109e-01
-3.303385790306883063e-01
-3.308848532645181084e-01
-3.314319510118348688e-01
-3.319798717640380925e-01
-3.325286149997395135e-01
-3.330781801846881551e-01
-3.336285667716878400e-01
-3.341797742005147009e-01
-3.347318018978430176e-01
-3.352846492771579534e-01
-3.358383157386782836e-01
-3.363928006692765704e-01
-3.369481034423933430e-01
-3.375042234179609357e-01
-3.380611599423164471e-01
-3.386189123481229135e-01
-3.391774799542871532e-01
-3.397368620658760552e-01
-3.402970579740323132e-01
-3.408580669558944898e-01
-3.414198882745118624e-01
-3.419825211787602681e-01
-3.425459649032591702e-01
-3.431102186682883914e-01
-3.436752816797019605e-01
-3.442411531288451787e-01
-3.448078321924696876e-01
-3.453753180326466499e-01
-3.459436097966834822e-01
-3.465127066170368142e-01
-3.470826076112286662e-01
-3.476533118817582979e-01
-3.482248185160179421e-01
-3.487971265862052084e-01
-3.493702351492355973e-01
-3.499441432466587898e-01
-3.505188499045678308e-01
-3.510943541335144191e-01
-3.516706549284205341e-01
-3.522477512684885070e-01
-3.528256421171163115e-01
-3.534043264218086344e-01
-3.539838031140861707e-01
-3.545640711093994701e-01
-3.551451293070402304e-01
-3.557269765900475944e-01
-3.563096118251268818e-01
-3.568930338625517784e-01
-3.574772415360797373e-01
-3.580622336628619395e-01
-3.586480090433504797e-01
-3.592345664612098810e-01
-3.598219046832262791e-01
-3.604100224592171609e-01
-3.609989185219391050e-01
-3.615885915869976319e-01
-3.621790403527540558e-01
-3.627702635002408860e-01
-3.633622596930602411e-01
-3.639550275772968080e-01
-3.645485657814288016e-01
-3.651428729162286002e-01
-3.657379475746764808e-01
-3.663337883318662502e-01
-3.669303937449122088e-01
-3.675277623528553361e-01
-3.681258926765693662e-01
-3.687247832186729690e-01
-3.693244324634294973e-01
-3.699248388766562812e-01
-3.705260009056347004e-01
-3.711279169790066002e-01
-3.717305855066926901e-01
-3.723340048797847412e-01
-3.729381734704638740e-01
-3.735430896318995275e-01
-3.741487516981538697e-01
-3.747551579840882052e-01
-3.753623067852717154e-01
-3.759701963778809830e-01
-3.765788250186090647e-01
-3.771881909445657932e-01
-3.777982923731870724e-01
-3.784091275021356227e-01
-3.790206945092075008e-01
-3.796329915522340670e-01
-3.802460167689873938e-01
-3.808597682770863413e-01
-3.814742441738959711e-01
-3.820894425364352864e-01
-3.827053614212775345e-01
-3.833219988644557263e-01
-3.839393528813660472e-01
-3.845574214666719337e-01
-3.851762025942039314e-01
-3.857956942168666581e-01
-3.864158942665409935e-01
-3.870368006539839367e-01
-3.876584112687376793e-01
-3.882807239790257992e-01
-3.889037366316602240e-01
-3.895274470519437537e-01
-3.901518530435710286e-01
-3.907769523885317176e-01
-3.914027428470131520e-01
-3.920292221573056235e-01
-3.926563880356978009e-01
-3.932842381763889117e-01
-3.939127702513821605e-01
-3.945419819103922476e-01
-3.951718707807455599e-01
-3.958024344672826933e-01
-3.964336705522641946e-01
-3.970655765952672001e-01
-3.976981501330889568e-01
-3.983313886796555625e-01
-3.989652897259140518e-01
-3.995998507397418020e-01
-4.002350691658467241e-01
-4.008709424256706733e-01
-4.015074679172891958e-01
-4.021446430153156060e-01
-4.027824650708033971e-01
-4.034209314111476541e-01
-4.040600393399869095e-01
-4.046997861371086636e-01
-4.053401690583495753e-01
-4.059811853354949873e-01
-4.066228321761893305e-01
-4.072651067638305422e-01
-4.079080062574773624e-01
-4.085515277917537436e-01
-4.091956684767446006e-01
-4.098404253979065492e-01
-4.104857956159644328e-01
-4.111317761668197290e-01
-4.117783640614506302e-01
-4.124255562858154534e-01
-4.130733498007579385e-01
-4.137217415419084388e-01
-4.143707284195898843e-01
-4.150203073187198610e-01
-4.156704750987108010e-01
-4.163212285933821644e-01
-4.169725646108600747e-01
-4.176244799334795088e-01
-4.182769713176933690e-01
-4.189300354939727855e-01
-4.195836691667125251e-01
-4.202378690141398421e-01
-4.208926316882164453e-01
-4.215479538145419092e-01
-4.222038319922627458e-01
-4.228602627939750391e-01
-4.235172427656328509e-01
-4.241747684264507434e-01
-4.248328362688156279e-01
-4.254914427581901748e-01
-4.261505843330133381e-01
-4.268102574046177544e-01
-4.274704583571322658e-01
-4.281311835473871064e-01
-4.287924293048235302e-01
-4.294541919314032175e-01
-4.301164677015112403e-01
-4.307792528618725747e-01
-4.314425436314535123e-01
-4.321063362013739528e-01
-4.327706267348156999e-01
-4.334354113669312003e-01
-4.341006862047560588e-01
-4.347664473271166674e-01
-4.354326907845424977e-01
-4.360994125991732862e-01
-4.367666087646735473e-01
-4.374342752461444217e-01
-4.381024079800355242e-01
-4.387710028740505752e-01
-4.394400558070674645e-01
-4.401095626290505436e-01
-4.407795191609591434e-01
-4.414499211946660839e-01
-4.421207644928677460e-01
-4.427920447890043576e-01
-4.434637577871651803e-01
-4.441358991620101282e-01
-4.448084645586896091e-01
-4.454814495927488238e-01
-4.461548498500573778e-01
-4.468286608867133580e-01
-4.475028782289711682e-01
-4.481774973731558198e-01
-4.488525137855767788e-01
-4.495279229024546908e-01
-4.502037201298358937e-01
-4.508799008435113720e-01
-4.515564603889385964e-01
-4.522333940811658071e-01
-4.529106972047471924e-01
-4.535883650136640632e-01
-4.542663927312577954e-01
-4.549447755501414559e-01
-4.556235086321265282e-01
-4.563025871081491935e-01
-4.569820060781903948e-01
-4.576617606112081127e-01
-4.583418457450569861e-01
-4.590222564864161470e-01
-4.597029878107175005e-01
-4.603840346620706736e-01
-4.610653919531928491e-01
-4.617470545653405978e-01
-4.624290173482332733e-01
-4.631112751199888411e-01
-4.637938226670457187e-01
-4.644766547441094851e-01
-4.651597660740676154e-01
-4.658431513479346364e-01
-4.665268052247812935e-01
-4.672107223316661617e-01
-4.678948972635768033e-01
-4.685793245833591580e-01
-4.692639988216582569e-01
-4.699489144768498328e-01
-4.706340660149885835e-01
-4.713194478697337875e-01
-4.720050544422973449e-01
-4.726908801013807171e-01
-4.733769191831165291e-01
-4.740631659910121698e-01
-4.747496147958865098e-01
-4.754362598358230496e-01
-4.761230953161044166e-01
-4.768101154091630711e-01
-4.774973142545231308e-01
-4.781846859587501886e-01
-4.788722245954020185e-01
-4.795599242049670696e-01
-4.802477787948238319e-01
-4.809357823391868791e-01
-4.816239287790551327e-01
-4.823122120221718934e-01
-4.830006259429728832e-01
-4.836891643825385056e-01
-4.843778211485496588e-01
-4.850665900152484333e-01
-4.857554647233879308e-01
-4.864444389801951818e-01
-4.871335064593318442e-01
-4.878226608008442433e-01
-4.885118956111353938e-01
-4.892012044629181489e-01
-4.898905808951861118e-01
-4.905800184131714481e-01
-4.912695104883137986e-01
-4.919590505582231987e-01
-4.926486320266465491e-01
-4.933382482634418587e-01
-4.940278926045416075e-01
-4.947175583519272113e-01
-4.954072387735954930e-01
-4.960969271035382544e-01
-4.967866165417127444e-01
-4.974763002540123491e-01
-4.981659713722521587e-01
-4.988556229941383258e-01
-4.995452481832460823e-01
-5.002348399690126346e-01
-5.009243913467000819e-01
-5.016138952773889770e-01
-5.023033446879592301e-01
-5.029927324710732339e-01
-5.036820514851607644e-01
-5.043712945544158721e-01
-5.050604544687689046e-01
-5.057495239838896151e-01
-5.064384958211729515e-01
-5.071273626677317292e-01
-5.078161171763917459e-01
-5.085047519656875625e-01
-5.091932596198518457e-01
-5.098816326888222505e-01
-5.105698636882360919e-01
-5.112579450994316765e-01
-5.119458693694485252e-01
-5.126336289110331457e-01
-5.133212161026434739e-01
-5.140086232884493178e-01
-5.146958427783494550e-01
-5.153828668479765174e-01
-5.160696877386989900e-01
-5.167562976576494105e-01
-5.174426887777248130e-01
-5.181288532376069345e-01
-5.188147831417742051e-01
-5.195004705605275053e-01
-5.201859075300037105e-01
-5.208710860521963415e-01
-5.215559980949799890e-01
-5.222406355921345167e-01
-5.229249904433694862e-01
-5.236090545143541330e-01
-5.242928196367391269e-01
-5.249762776081969839e-01
-5.256594201924464915e-01
-5.263422391192857930e-01
-5.270247260846370185e-01
-5.277068727505698220e-01
-5.283886707453508969e-01
-5.290701116634828338e-01
-5.297511870657376498e-01
-5.304318884792089683e-01
-5.311122073973513213e-01
-5.317921352800374368e-01
-5.324716635535928777e-01
-5.331507836108575482e-01
-5.338294868112318792e-01
-5.345077644807341155e-01
-5.351856079120522747e-01
-5.358630083646063191e-01
-5.365399570646069982e-01
-5.372164452051135797e-01
-5.378924639460991308e-01
-5.385680044145151335e-01
-5.392430577043554329e-01
-5.399176148767299566e-01
-5.405916669599288849e-01
-5.412652049494992568e-01
-5.419382198083204649e-01
-5.426107024666728673e-01
-5.432826438223252730e-01
-5.439540347406044418e-01
-5.446248660544832365e-01
-5.452951285646641111e-01
-5.459648130396654864e-01
-5.466339102159010199e-01
-5.473024107977801922e-01
-5.479703054577917953e-01
-5.486375848366007446e-01
-5.493042395431444458e-01
-5.499702601547251657e-01
-5.506356372171123947e-01
-5.513003612446505386e-01
-5.519644227203477360e-01
-5.526278120959970952e-01
-5.532905197922715068e-01
-5.539525361988397734e-01
-5.546138516744767433e-01
-5.552744565471789961e-01
-5.559343411142796398e-01
-5.565934956425608870e-01
-5.572519103683806208e-01
-5.579095754977931865e-01
-5.585664812066688523e-01
-5.592226176408281457e-01
-5.598779749161635344e-01
-5.605325431187744289e-01
-5.611863123050904179e-01
-5.618392725020238121e-01
-5.624914137070937681e-01
-5.631427258885630671e-01
-5.637931989855873294e-01
-5.644428229083582327e-01
-5.650915875382440667e-01
-5.657394827279420557e-01
-5.663864983016280163e-01
-5.670326240551082364e-01
-5.676778497559704650e-01
-5.683221651437488919e-01
-5.689655599300762479e-01
-5.696080237988476735e-01
-5.702495464063879194e-01
-5.708901173816096630e-01
-5.715297263261893690e-01
-5.721683628147351541e-01
-5.728060163949555417e-01
-5.734426765878364307e-01
-5.740783328878285019e-01
-5.747129747630106422e-01
-5.753465916552851223e-01
-5.759791729805521232e-01
-5.766107081289042480e-01
-5.772411864648132607e-01
-5.778705973273183805e-01
-5.784989300302187942e-01
-5.791261738622799360e-01
-5.797523180874233351e-01
-5.803773519449264562e-01
-5.810012646496292010e-01
-5.816240453921377451e-01
-5.822456833390374786e-01
-5.828661676330952890e-01
-5.834854873934769426e-01
-5.841036317159593594e-01
-5.847205896731517694e-01
-5.853363503147148705e-01
-5.859509026675795429e-01
-5.865642357361733339e-01
-5.871763385026496085e-01
-5.877871999271122583e-01
-5.883968089478506247e-01
-5.890051544815735340e-01
-5.896122254236504379e-01
-5.902180106483394528e-01
-5.908224990090349404e-01
-5.914256793385184174e-01
-5.920275404491908144e-01
-5.926280711333331563e-01
-5.932272601633499232e-01
-5.938250962920295084e-01
-5.944215682527937972e-01
-5.950166647599588465e-01
-5.956103745089962320e-01
-5.962026861767992791e-01
-5.967935884219472964e-01
-5.973830698849655896e-01
-5.979711191886101229e-01
-5.985577249381279774e-01
-5.991428757215442324e-01
-5.997265601099281973e-01
-6.003087666576871761e-01
-6.008894839028342538e-01
-6.014687003672862797e-01
-6.020464045571431999e-01
-6.026225849629827103e-01
-6.031972300601469161e-01
-6.037703283090498640e-01
-6.043418681554642014e-01
-6.049118380308211584e-01
-6.054802263525158601e-01
-6.060470215242128589e-01
-6.066122119361512244e-01
-6.071757859654529632e-01
-6.077377319764392105e-01
-6.082980383209382058e-01
-6.088566933386081459e-01
-6.094136853572487134e-01
-6.099690026931359199e-01
-6.105226336513311924e-01
-6.110745665260137738e-01
-6.116247896008111251e-01
-6.121732911491297724e-01
-6.127200594344803797e-01
-6.132650827108281355e-01
-6.138083492229191584e-01
-6.143498472066200033e-01
-6.148895648892747090e-01
-6.154274904900280951e-01
-6.159636122201967989e-01
-6.164979182835976790e-01
-6.170303968769159653e-01
-6.175610361900500944e-01
-6.180898244064727542e-01
-6.186167497035861551e-01
-6.191418002530886255e-01
-6.196649642213298836e-01
-6.201862297696905113e-01
-6.207055850549312304e-01
-6.212230182295799263e-01
-6.217385174422984662e-01
-6.222520708382504040e-01
-6.227636665594884491e-01
-6.232732927453306093e-01
-6.237809375327401096e-01
-6.242865890566993148e-01
-6.247902354506194023e-01
-6.252918648467047369e-01
-6.257914653763523294e-01
-6.262890251705501843e-01
-6.267845323602583285e-01
-6.272779750768142648e-01
-6.277693414523288773e-01
-6.282586196200914408e-01
-6.287457977149657484e-01
-6.292308638737915683e-01
-6.297138062358071942e-01
-6.301946129430451293e-01
-6.306732721407422027e-01
-6.311497719777594551e-01
-6.316241006069940322e-01
-6.320962461857941861e-01
-6.325661968763829357e-01
-6.330339408462726247e-01
-6.334994662686936895e-01
-6.339627613230134351e-01
-6.344238141951703547e-01
-6.348826130780902410e-01
-6.353391461721282774e-01
-6.357934016854915882e-01
-6.362453678346866592e-01
-6.366950328449405561e-01
-6.371423849506430148e-01
-6.375874123957894213e-01
-6.380301034344197930e-01
-6.384704463310622025e-01
-6.389084293611744236e-01
-6.393440408115891316e-01
-6.397772689809706481e-01
-6.402081021802543681e-01
-6.406365287331035052e-01
-6.410625369763587322e-01
-6.414861152604980354e-01
-6.419072519500883534e-01
-6.423259354242396579e-01
-6.427421540770712483e-01
-6.431558963181660538e-01
-6.435671505730446995e-01
-6.439759052836098174e-01
-6.443821489086245524e-01
-6.447858699241810765e-01
-6.451870568241537818e-01
-6.455856981206835599e-01
-6.459817823446443175e-01
-6.463752980461119346e-01
-6.467662337948372198e-01
-6.471545781807188646e-01
-6.475403198142890560e-01
-6.479234473271791028e-01
-6.483039493726057145e-01
-6.486818146258412909e-01
-6.490570317847035309e-01
-6.494295895700279431e-01
-6.497994767261685567e-01
-6.501666820214557774e-01
-6.505311942487002064e-01
-6.508930022256751435e-01
-6.512520947955968698e-01
-6.516084608276153656e-01
-6.519620892173116911e-01
-6.523129688871733833e-01
-6.526610887870951672e-01
-6.530064378948687853e-01
-6.533490052166692763e-01
-6.536887797875616801e-01
-6.540257506719755476e-01
-6.543599069642129784e-01
-6.546912377889435586e-01
-6.550197323016939688e-01
-6.553453796893509153e-01
-6.556681691706525150e-01
-6.559880899966932244e-01
-6.563051314514094514e-01
-6.566192828520944769e-01
-6.569305335498907272e-01
-6.572388729302807153e-01
-6.575442904136086231e-01
-6.578467754555570313e-01
-6.581463175476629512e-01
-6.584429062178183134e-01
-6.587365310307604638e-01
-6.590271815885930806e-01
-6.593148475312733403e-01
-6.595995185371115177e-01
-6.598811843232885721e-01
-6.601598346463515288e-01
-6.604354593027075282e-01
-6.607080481291427443e-01
-6.609775910033124369e-01
-6.612440778442523204e-01
-6.615074986128777201e-01
-6.617678433124811743e-01
-6.620251019892464672e-01
-6.622792647327404580e-01
-6.625303216764184544e-01
-6.627782629981397999e-01
-6.630230789206426056e-01
-6.632647597120719940e-01
-6.635032956864674869e-01
-6.637386772042612737e-01
-6.639708946727924666e-01
-6.641999385467953765e-01
-6.644257993288995578e-01
-6.646484675701385125e-01
-6.648679338704359676e-01
-6.650841888791176881e-01
-6.652972232953944243e-01
-6.655070278688737240e-01
-6.657135934000388833e-01
-6.659169107407563182e-01
-6.661169707947751650e-01
-6.663137645182048985e-01
-6.665072829200213711e-01
-6.666975170625493163e-01
-6.668844580619666118e-01
-6.670680970887834516e-01
-6.672484253683292899e-01
-6.674254341812602132e-01
-6.675991148640203487e-01
-6.677694588093530115e-01
-6.679364574667567833e-01
-6.681001023430035435e-01
-6.682603850025909953e-01
-6.684172970682431547e-01
-6.685708302213826393e-01
-6.687209762026060655e-01
-6.688677268121729913e-01
-6.690110739104699888e-01
-6.691510094184869306e-01
-6.692875253183039330e-01
-6.694206136535374441e-01
-6.695502665298338485e-01
-6.696764761153253254e-01
-6.697992346411070219e-01
-6.699185344016782562e-01
-6.700343677554361221e-01
-6.701467271251209112e-01
-6.702556049982695274e-01
-6.703609939276922169e-01
-6.704628865319131048e-01
-6.705612754956253863e-01
-6.706561535701494048e-01
-6.707475135738854011e-01
-6.708353483927484984e-01
-6.709196509806232278e-01
-6.710004143598098381e-01
-6.710776316214708270e-01
-6.711512959260419464e-01
-6.712214005037062670e-01
-6.712879386548060712e-01
-6.713509037502811694e-01
-6.714102892321107685e-01
-6.714660886137118201e-01
-6.715182954804017612e-01
-6.715669034897879808e-01
-6.716119063722170157e-01
-6.716532979311637952e-01
-6.716910720436746196e-01
-6.717252226607606236e-01
-6.717557438078207710e-01
-6.717826295850324314e-01
-6.718058741677750412e-01
-6.718254718070204579e-01
-6.718414168297368594e-01
-6.718537036392837614e-01
-6.718623267157954881e-01
-6.718672806165868483e-01
-6.718685599765383820e-01
-6.718661595084729488e-01
-6.718600740035354235e-01
-6.718502983315794985e-01
-6.718368274415440489e-01
-6.718196563618121786e-01
-6.717987802005962461e-01
-6.717741941462938016e-01
-6.717458934678481874e-01
-6.717138735151135798e-01
-6.716781297192047084e-01
-6.716386575928550151e-01
-6.715954527307681499e-01
-6.715485108099474854e-01
-6.714978275900549409e-01
-6.714433989137418290e-01
-6.713852207069934686e-01
-6.713232889794396030e-01
-6.712575998247065634e-01
-6.711881494207239118e-01
-6.711149340300484045e-01
-6.710379500001892872e-01
-6.709571937639096095e-01
-6.708726618395439711e-01
-6.707843508312985037e-01
-6.706922574295564043e-01
-6.705963784111703685e-01
-6.704967106397647925e-01
-6.703932510660166599e-01
-6.702859967279470865e-01
-6.701749447512024283e-01
-6.700600923493253980e-01
-6.699414368240386164e-01
-6.698189755655064026e-01
-6.696927060526016717e-01
-6.695626258531734987e-01
-6.694287326242986946e-01
-6.692910241125331616e-01
-6.691494981541663556e-01
-6.690041526754559875e-01
-6.688549856928864834e-01
-6.687019953133770400e-01
-6.685451797345389746e-01
-6.683845372448873334e-01
-6.682200662240638245e-01
-6.680517651430706305e-01
-6.678796325644698051e-01
-6.677036671425886638e-01
-6.675238676237351676e-01
-6.673402328463986510e-01
-6.671527617414254596e-01
-6.669614533322447691e-01
-6.667663067350126926e-01
-6.665673211588374336e-01
-6.663644959059220607e-01
-6.661578303717607952e-01
-6.659473240452886689e-01
-6.657329765090482798e-01
-6.655147874393574359e-01
-6.652927566064508191e-01
-6.650668838746343070e-01
-6.648371692024299673e-01
-6.646036126427152801e-01
-6.643662143428588074e-01
-6.641249745448312147e-01
-6.638798935853489347e-01
-6.636309718960011761e-01
-6.633782100033345230e-01
-6.631216085289848294e-01
-6.628611681897782493e-01
-6.625968897978296024e-01
-6.623287742606274175e-01
-6.620568225811453988e-01
-6.617810358579014895e-01
-6.615014152850566820e-01
-6.612179621524716389e-01
-6.609306778458046150e-01
-6.606395638465369924e-01
-6.603446217320594336e-01
-6.600458531757169567e-01
-6.597432599468691095e-01
-6.594368439109066227e-01
-6.591266070293257950e-01
-6.588125513597244964e-01
-6.584946790558645624e-01
-6.581729923676800098e-01
-6.578474936412748164e-01
-6.575181853189786541e-01
-6.571850699393109174e-01
-6.568481501370091458e-01
-6.565074286430285788e-01
-6.561629082845068517e-01
-6.558145919847797600e-01
-6.554624827633512840e-01
-6.551065837358602817e-01
-6.547468981140627253e-01
-6.543834292058030577e-01
-6.540161804149566827e-01
-6.536451552413922172e-01
-6.532703572809273052e-01
-6.528917902252664440e-01
-6.525094578619414776e-01
-6.521233640742463145e-01
-6.517335128411643197e-01
-6.513399082372881566e-01
-6.509425544327422930e-01
-6.505414556931015113e-01
-6.501366163792885455e-01
-6.497280409474761598e-01
-6.493157339489878943e-01
-6.488997000301950369e-01
-6.484799439323878367e-01
-6.480564704916667029e-01
-6.476292846388176372e-01
-6.471983913991794513e-01
-6.467637958925140929e-01
-6.463255033328669796e-01
-6.458835190284077932e-01
-6.454378483813041356e-01
-6.449884968875378988e-01
-6.445354701367673744e-01
-6.440787738121509509e-01
-6.436184136901665909e-01
-6.431543956404597306e-01
-6.426867256256403316e-01
-6.422154097011008034e-01
-6.417404540148319292e-01
-6.412618648072136995e-01
-6.407796484108261303e-01
-6.402938112502232215e-01
-6.398043598417328948e-01
-6.393113007932473835e-01
-6.388146408039829804e-01
-6.383143866642635444e-01
-6.378105452552749188e-01
-6.373031235488393342e-01
-6.367921286071722697e-01
-6.362775675826239929e-01
-6.357594477174357550e-01
-6.352377763434768898e-01
-6.347125608819859099e-01
-6.341838088432982801e-01
-6.336515278265750784e-01
-6.331157255195223321e-01
-6.325764096981063567e-01
-6.320335882262864136e-01
-6.314872690556896373e-01
-6.309374602253310371e-01
-6.303841698613255051e-01
-6.298274061765485321e-01
-6.292671774703457732e-01
-6.287034921282204092e-01
-6.281363586214907535e-01
-6.275657855069836089e-01
-6.269917814267056411e-01
-6.264143551074805583e-01
-6.258335153606480183e-01
-6.252492710816881516e-01
-6.246616312498844970e-01
-6.240706049279705070e-01
-6.234762012617756088e-01
-6.228784294798517251e-01
-6.222772988931104532e-01
-6.216728188944611322e-01
-6.210649989584147157e-01
-6.204538486407280562e-01
-6.198393775779955650e-01
-6.192215954872828387e-01
-6.186005121657105477e-01
-6.179761374900705206e-01
-6.173484814164227341e-01
-6.167175539796934114e-01
-6.160833652932478088e-01
-6.154459255484912017e-01
-6.148052450144534387e-01
-6.141613340373597296e-01
-6.135142030401925517e-01
-6.128638625222735392e-01
-6.122103230588415990e-01
-6.115535953005910574e-01
-6.108936899732408943e-01
-6.102306178770806611e-01
-6.095643898865319432e-01
-6.088950169496876175e-01
-6.082225100878611013e-01
-6.075468803951087349e-01
-6.068681390377816953e-01
-6.061862972540466021e-01
-6.055013663534141166e-01
-6.048133577162779773e-01
-6.041222827934207285e-01
-6.034281531055312175e-01
-6.027309802427127661e-01
-6.020307758640175422e-01
-6.013275516969227574e-01
-6.006213195368590441e-01
-5.999120912466904265e-01
-5.991998787562311524e-01
-5.984846940617221112e-01
-5.977665492253350088e-01
-5.970454563746367960e-01
-5.963214277021118281e-01
-5.955944754646109729e-01
-5.948646119828302492e-01
-5.941318496408152239e-01
-5.933962008853972403e-01
-5.926576782256909315e-01
-5.919162942325375543e-01
-5.911720615379838506e-01
-5.904249928347489185e-01
-5.896751008756635493e-01
-5.889223984731313255e-01
-5.881668984985930493e-01
-5.874086138819709646e-01
-5.866475576111012114e-01
-5.858837427312046930e-01
-5.851171823443139797e-01
-5.843478896087110908e-01
-5.835758777383779350e-01
-5.828011600024260996e-01
-5.820237497245255298e-01
-5.812436602823507492e-01
-5.804609051069786751e-01
-5.796754976823532690e-01
-5.788874515446815749e-01
-5.780967802818757217e-01
-5.773034975329573992e-01
-5.765076169874916445e-01
-5.757091523849957593e-01
-5.749081175143442302e-01
-5.741045262132051796e-01
-5.732983923674350724e-01
-5.724897299104829695e-01
-5.716785528228138791e-01
-5.708648751313150083e-01
-5.700487109086913584e-01
-5.692300742728604313e-01
-5.684089793863813522e-01
-5.675854404558204891e-01
-5.667594717311850161e-01
-5.659310875052909751e-01
-5.651003021131735249e-01
-5.642671299314856448e-01
-5.634315853778879557e-01
-5.625936829104307701e-01
-5.617534370269541277e-01
-5.609108622644849440e-01
-5.600659731986130652e-01
-5.592187844428910815e-01
-5.583693106482061630e-01
-5.575175665021894211e-01
-5.566635667285797506e-01
-5.558073260866176479e-01
-5.549488593704294814e-01
-5.540881814084102075e-01
-5.532253070626031999e-01
-5.523602512280922916e-01
-5.514930288323700580e-01
-5.506236548347194226e-01
-5.497521442256101398e-01
-5.488785120260606387e-01
-5.480027732870220714e-01
-5.471249430887688003e-01
-5.462450365402597985e-01
-5.453630687785351316e-01
-5.444790549680904590e-01
-5.435930103002295510e-01
-5.427049499924869735e-01
-5.418148892879581791e-01
-5.409228434547508346e-01
-5.400288277852580698e-01
-5.391328575956264579e-01
-5.382349482251131967e-01
-5.373351150354206407e-01
-5.364333734101449647e-01
-5.355297387540971510e-01
-5.346242264926996945e-01
-5.337168520713804210e-01
-5.328076309549478751e-01
-5.318965786269578278e-01
-5.309837105891239695e-01
-5.300690423606508883e-01
-5.291525894776756278e-01
-5.282343674925964461e-01
-5.273143919734930574e-01
-5.263926785034891420e-01
-5.254692426801450544e-01
-5.245441001148687388e-01
-5.236172664322504833e-01
-5.226887572694840500e-01
-5.217585882757611593e-01
-5.208267751116220090e-01
-5.198933334484083790e-01
-5.189582789675826202e-01
-5.180216273601894184e-01
-5.170833943261918808e-01
-5.161435955738973291e-01
-5.152022468193382387e-01
-5.142593637856980315e-01
-5.133149622026671466e-01
-5.123690578058577305e-01
-5.114216663362523008e-01
-5.104728035395103003e-01
-5.095224851654798215e-01
-5.085707269675021625e-01
-5.076175447018931308e-01
-5.066629541273177662e-01
-5.057069710041912636e-01
-5.047496110941289693e-01
-5.037908901593288746e-01
-5.028308239619896369e-01
-5.018694282637323756e-01
-5.009067188250080349e-01
-4.999427114045533749e-01
-4.989774217587694682e-01
-4.980108656411603718e-01
-4.970430588017549223e-01
-4.960740169865653915e-01
-4.951037559369741992e-01
-4.941322913891823543e-01
-4.931596390736689983e-01
-4.921858147145765638e-01
-4.912108340291891917e-01
-4.902347127273507521e-01
-4.892574665109243881e-01
-4.882791110732080941e-01
-4.872996620984286764e-01
-4.863191352611393459e-01
-4.853375462257234485e-01
-4.843549106457794018e-01
-4.833712441636526247e-01
-4.823865624098413463e-01
-4.814008810024750229e-01
-4.804142155467661102e-01
-4.794265816345018028e-01
-4.784379948434702712e-01
-4.774484707369983649e-01
-4.764580248633512038e-01
-4.754666727552498973e-01
-4.744744299293242040e-01
-4.734813118856344705e-01
-4.724873341071158528e-01
-4.714925120590747198e-01
-4.704968611887074825e-01
-4.695003969245221676e-01
-4.685031346759105375e-01
-4.675050898326216231e-01
-4.665062777642190461e-01
-4.655067138196407051e-01
-4.645064133266740836e-01
-4.635053915914835176e-01
-4.625036638980795090e-01
-4.615012455079157139e-01
-4.604981516593087409e-01
-4.594943975670253700e-01
-4.584899984217998270e-01
-4.574849693898126457e-01
-4.564793256122858800e-01
-4.554730822049679606e-01
-4.544662542577004860e-01
-4.534588568339044112e-01
-4.524509049702076791e-01
-4.514424136759149775e-01
-4.504333979325916282e-01
-4.494238726936090611e-01
-4.484138528836927318e-01
-4.474033533984824729e-01
-4.463923891040724179e-01
-4.453809748366461818e-01
-4.443691254019561665e-01
-4.433568555749474172e-01
-4.423441800993017647e-01
-4.413311136870587958e-01
-4.403176710181568865e-01
-4.393038667400168684e-01
-4.382897154671590023e-01
-4.372752317807597766e-01
-4.362604302282739877e-01
-4.352453253230108565e-01
-4.342299315437481155e-01
-4.332142633343307736e-01
-4.321983351032694376e-01
-4.311821612233626144e-01
-4.301657560313194573e-01
-4.291491338273725198e-01
-4.281323088748665295e-01
-4.271152953999273194e-01
-4.260981075910814653e-01
-4.250807595988517207e-01
-4.240632655354374947e-01
-4.230456394743384863e-01
-4.220278954499787627e-01
-4.210100474573768015e-01
-4.199921094517924391e-01
-4.189740953483447328e-01
-4.179560190217230797e-01
-4.169378943057897580e-01
-4.159197349932954868e-01
-4.149015548355059479e-01
-4.138833675419091307e-01
-4.128651867798369679e-01
-4.118470261742039895e-01
-4.108288993071533834e-01
-4.098108197177208201e-01
-4.087928009015644459e-01
-4.077748563106282642e-01
-4.067569993528905581e-01
-4.057392433919657648e-01
-4.047216017468866500e-01
-4.037040876917883381e-01
-4.026867144556081080e-01
-4.016694952218100578e-01
-4.006524431280829024e-01
-3.996355712660919490e-01
-3.986188926811708999e-01
-3.976024203720662786e-01
-3.965861672906616509e-01
-3.955701463417309327e-01
-3.945543703826277504e-01
-3.935388522231055841e-01
-3.925236046249731547e-01
-3.915086403018901429e-01
-3.904939719191566905e-01
-3.894796120933941008e-01
-3.884655733923496612e-01
-3.874518683346328540e-01
-3.864385093895195133e-01
-3.854255089766931430e-01
-3.844128794660339743e-01
-3.834006331773636145e-01
-3.823887823802611940e-01
-3.813773392938535345e-01
-3.803663160865555781e-01
-3.793557248758971934e-01
-3.783455777283353250e-01
-3.773358866590075245e-01
-3.763266636315656388e-01
-3.753179205579522115e-01
-3.743096692982410545e-01
-3.733019216604351875e-01
-3.722946894002945317e-01
-3.712879842210983217e-01
-3.702818177735724969e-01
-3.692762016556045968e-01
-3.682711474121491690e-01
-3.672666665350283743e-01
-3.662627704627825498e-01
-3.652594705804725894e-01
-3.642567782195986759e-01
-3.632547046578631367e-01
-3.622532611190962815e-01
-3.612524587730210346e-01
-3.602523087351845454e-01
-3.592528220668043115e-01
-3.582540097746071961e-01
-3.572558828106973117e-01
-3.562584520724372261e-01
-3.552617284023447120e-01
-3.542657225879359828e-01
-3.532704453616064555e-01
-3.522759074005132884e-01
-3.512821193264836772e-01
-3.502890917058840703e-01
-3.492968350495078145e-01
-3.483053598125087635e-01
-3.473146763942562831e-01
-3.463247951382455447e-01
-3.453357263320409043e-01
-3.443474802071144758e-01
-3.433600669388416904e-01
-3.423734966463505280e-01
-3.413877793924415815e-01
-3.404029251835756220e-01
-3.394189439697234967e-01
-3.384358456443119501e-01
-3.374536400441772166e-01
-3.364723369494770910e-01
-3.354919460836489620e-01
-3.345124771133178854e-01
-3.335339396482637220e-01
-3.325563432413527476e-01
-3.315796973885025700e-01
-3.306040115286068559e-01
-3.296292950434931424e-01
-3.286555572579363815e-01
-3.276828074395152779e-01
-3.267110547986904479e-01
-3.257403084886716371e-01
-3.247705776054277127e-01
-3.238018711876791134e-01
-3.228341982168547730e-01
-3.218675676170466016e-01
-3.209019882550052660e-01
-3.199374689401428551e-01
-3.189740184244866938e-01
-3.180116454026835626e-01
-3.170503585119854861e-01
-3.160901663322643884e-01
-3.151310773859705705e-01
-3.141731001381429245e-01
-3.132162429964318040e-01
-3.122605143110774861e-01
-3.113059223749456983e-01
-3.103524754235138516e-01
-3.094001816348863620e-01
-3.084490491297897652e-01
-3.074990859716459912e-01
-3.065503001665441651e-01
-3.056026996632614789e-01
-3.046562923533038258e-01
-3.037110860709386628e-01
-3.027670885932192135e-01
-3.018243076400206615e-01
-3.008827508740283818e-01
-2.999424259008394156e-01
-2.990033402689804554e-01
-2.980655014699220562e-01
-2.971289169381599038e-01
-2.961935940512181453e-01
-2.952595401297630762e-01
-2.943267624375891511e-01
-2.933952681816907049e-01
-2.924650645123270110e-01
-2.915361585230777930e-01
-2.906085572508956272e-01
-2.896822676761772186e-01
-2.887572967228144716e-01
-2.878336512582759799e-01
-2.869113380936523239e-01
-2.859903639837582112e-01
-2.850707356271706683e-01
-2.841524596663200786e-01
-2.832355426875539095e-01
-2.823199912212517315e-01
-2.814058117418620775e-01
-2.804930106680298962e-01
-2.795815943626105415e-01
-2.786715691328136568e-01
-2.777629412302999867e-01
-2.768557168512111311e-01
-2.759499021363249760e-01
-2.750455031711271925e-01
-2.741425259858629726e-01
-2.732409765557159975e-01
-2.723408608008559550e-01
-2.714421845865395699e-01
-2.705449537232058610e-01
-2.696491739666266874e-01
-2.687548510179929018e-01
-2.678619905239745247e-01
-2.669705980769003784e-01
-2.660806792148144861e-01
-2.651922394216470469e-01
-2.643052841272861553e-01
-2.634198187076790543e-01
-2.625358484849891205e-01
-2.616533787277002254e-01
-2.607724146507635066e-01
-2.598929614156517687e-01
-2.590150241305662071e-01
-2.581386078504903647e-01
-2.572637175773722085e-01
-2.563903582602202746e-01
-2.555185347952586561e-01
-2.546482520260437976e-01
-2.537795147435701892e-01
-2.529123276864497782e-01
-2.520466955410496368e-01
-2.511826229415818901e-01
-2.503201144702706937e-01
-2.494591746575092195e-01
-2.485998079819884410e-01
-2.477420188708063797e-01
-2.468858116996606178e-01
-2.460311907929599862e-01
-2.451781604239997581e-01
-2.443267248150822191e-01
-2.434768881376796479e-01
-2.426286545125582172e-01
-2.417820280099909347e-01
-2.409370126498278086e-01
-2.400936124017294393e-01
-2.392518311852545043e-01
-2.384116728700522714e-01
-2.375731412760309080e-01
-2.367362401734520727e-01
-2.359009732831556239e-01
-2.350673442766919585e-01
-2.342353567764963174e-01
-2.334050143560286728e-01
-2.325763205399724587e-01
-2.317492788043173935e-01
-2.309238925766328165e-01
-2.301001652361709393e-01
-2.292781001140413721e-01
-2.284577004933545652e-01
-2.276389696094311965e-01
-2.268219106499720361e-01
-2.260065267551996104e-01
-2.251928210180500489e-01
-2.243807964842954306e-01
-2.235704561527955825e-01
-2.227618029756162077e-01
-2.219548398582409376e-01
-2.211495696596719185e-01
-2.203459951927002614e-01
-2.195441192240210615e-01
-2.187439444744239125e-01
-2.179454736189767594e-01
-2.171487092871844382e-01
-2.163536540632131633e-01
-2.155603104860321917e-01
-2.147686810495774701e-01
-2.139787682029883342e-01
-2.131905743507120921e-01
-2.124041018527826896e-01
-2.116193530249168564e-01
-2.108363301387397026e-01
-2.100550354219561378e-01
-2.092754710585353894e-01
-2.084976391889001857e-01
-2.077215419101325899e-01
-2.069471812760845797e-01
-2.061745592976722552e-01
-2.054036779429553317e-01
-2.046345391374093658e-01
-2.038671447640798551e-01
-2.031014966637321173e-01
-2.023375966350908772e-01
-2.015754464350256736e-01
-2.008150477787229438e-01
-2.000564023398616609e-01
-1.992995117508555847e-01
-1.985443776029680585e-01
-1.977910014465582567e-01
-1.970393847912517149e-01
-1.962895291061210745e-01
-1.955414358199198954e-01
-1.947951063212423062e-01
-1.940505419586957547e-01
-1.933077440411143932e-01
-1.925667138377522569e-01
-1.918274525784811058e-01
-1.910899614539944835e-01
-1.903542416159238471e-01
-1.896202941771494288e-01
-1.888881202118894986e-01
-1.881577207559641529e-01
-1.874290968069545205e-01
-1.867022493243759573e-01
-1.859771792299387272e-01
-1.852538874076816722e-01
-1.845323747041669460e-01
-1.838126419287344770e-01
-1.830946898536156553e-01
-1.823785192141864631e-01
-1.816641307091166890e-01
-1.809515250006226150e-01
-1.802407027146175622e-01
-1.795316644408768703e-01
-1.788244107333318844e-01
-1.781189421101534442e-01
-1.774152590540172270e-01
-1.767133620122549598e-01
-1.760132513970922297e-01
-1.753149275858190137e-01
-1.746183909209850782e-01
-1.739236417105685106e-01
-1.732306802282328473e-01
-1.725395067134507521e-01
-1.718501213717602560e-01
-1.711625243748824410e-01
-1.704767158610038802e-01
-1.697926959349276288e-01
-1.691104646682308754e-01
-1.684300220995222919e-01
-1.677513682346070123e-01
-1.670745030466547210e-01
-1.663994264764567799e-01
-1.657261384325421361e-01
-1.650546387914102464e-01
-1.643849273977566749e-01
-1.637170040645818947e-01
-1.630508685734792795e-01
-1.623865206747192591e-01
-1.617239600875566286e-01
-1.610631865003335772e-01
-1.604041995707008450e-01
-1.597469989258268885e-01
-1.590915841625484273e-01
-1.584379548476004818e-01
-1.577861105177904566e-01
-1.571360506801950940e-01
-1.564877748123238987e-01
-1.558412823623280818e-01
-1.551965727492041758e-01
-1.545536453629567930e-01
-1.539124995648035732e-01
-1.532731346873603684e-01
-1.526355500348341998e-01
-1.519997448831738041e-01
-1.513657184803003375e-01
-1.507334700462934496e-01
-1.501029987735369442e-01
-1.494743038269699120e-01
-1.488473843442057465e-01
-1.482222394357637363e-01
-1.475988681852251627e-01
-1.469772696494382469e-01
-1.463574428587006704e-01
-1.457393868169347684e-01
-1.451231005018562836e-01
-1.445085828652201698e-01
-1.438958328329031922e-01
-1.432848493051654959e-01
-1.426756311568355695e-01
-1.420681772374310370e-01
-1.414624863714069036e-01
-1.408585573582703532e-01
-1.402563889728110080e-01
-1.396559799652712375e-01
-1.390573290615118029e-01
-1.384604349631852749e-01
-1.378652963479556348e-01
-1.372719118696490437e-01
-1.366802801584161564e-01
-1.360903998209168630e-01
-1.355022694405221273e-01
-1.349158875774569832e-01
-1.343312527690150304e-01
-1.337483635297069817e-01
-1.331672183514338581e-01
-1.325878157036608496e-01
-1.320101540336025003e-01
-1.314342317664105586e-01
-1.308600473052901059e-01
-1.302875990317551302e-01
-1.297168853057188986e-01
-1.291479044657228847e-01
-1.285806548290708839e-01
