2.049994451536897699e+01
2.099984547437213678e+01
2.149970294338797316e+01
2.199951698857918814e+01
2.249928767589316081e+01
2.299901507106240928e+01
2.349869923960506668e+01
2.399834024682533240e+01
2.449793815781394457e+01
2.499749303744864193e+01
2.549700495039461146e+01
2.599647396110496089e+01
2.649590013382116993e+01
2.699528353257354141e+01
2.749462422118165961e+01
2.799392226325484145e+01
2.849317772219259126e+01
2.899239066118504482e+01
2.949156114321342059e+01
2.999068923105046025e+01
3.048977498726088697e+01
3.098881847420183178e+01
3.148781975402329181e+01
3.198677888866856023e+01
3.248569593987467385e+01
3.298457096917284304e+01
3.348340403788890285e+01
3.398219520714371811e+01
3.448094453785365943e+01
3.497965209073100112e+01
3.547831792628436176e+01
3.597694210481914467e+01
3.647552468643795720e+01
3.697406573104103700e+01
3.747256529832667127e+01
3.797102344779164440e+01
3.846944023873163587e+01
3.896781573024164658e+01
3.946614998121643936e+01
3.996444305035092270e+01
4.046269499614059839e+01
4.096090587688195939e+01
4.145907575067292328e+01
4.195720467541321597e+01
4.245529270880481221e+01
4.295333990835234061e+01
4.345134633136347446e+01
4.394931203494935801e+01
4.444723707602500440e+01
4.494512151130971489e+01
4.544296539732746254e+01
4.594076879040731143e+01
4.643853174668380035e+01
4.693625432209736914e+01
4.743393657239472816e+01
4.793157855312927751e+01
4.842918031966149783e+01
4.892674192715933401e+01
4.942426343059860727e+01
4.992174488476339178e+01
5.041918634424641255e+01
5.091658786344942911e+01
5.141394949658364055e+01
5.191127129767005499e+01
5.240855332053988036e+01
5.290579561883492232e+01
5.340299824600793954e+01
5.390016125532304869e+01
5.439728469985610104e+01
5.489436863249505905e+01
5.539141310594038004e+01
5.588841817270537859e+01
5.638538388511662447e+01
5.688231029531429783e+01
5.737919745525257298e+01
5.787604541669999492e+01
5.837285423123983463e+01
5.886962395027047279e+01
5.936635462500576210e+01
5.986304630647539682e+01
6.035969904552527510e+01
6.085631289281787559e+01
6.135288789883260563e+01
6.184942411386617067e+01
6.234592158803293671e+01
6.284238037126528553e+01
6.333880051331399130e+01
6.383518206374854742e+01
6.433152507195755732e+01
6.482782958714905419e+01
6.532409565835088472e+01
6.582032333441104299e+01
6.631651266399804001e+01
6.681266369560124474e+01
6.730877647753122517e+01
6.780485105792011780e+01
6.830088748472194027e+01
6.879688580571298928e+01
6.929284606849212480e+01
6.978876832048116796e+01
7.028465260892519950e+01
7.078049898089294345e+01
7.127630748327706556e+01
7.177207816279454278e+01
7.226781106598699012e+01
7.276350623922100169e+01
7.325916372868846338e+01
7.375478358040693649e+01
7.425036584021994202e+01
7.474591055379731586e+01
7.524141776663553571e+01
7.573688752405806213e+01
7.623231987121565112e+01
7.672771485308668105e+01
7.722307251447750787e+01
7.771839290002273515e+01
7.821367605418561197e+01
7.870892202125828874e+01
7.920413084536218662e+01
7.969930257044828181e+01
8.019443724029746079e+01
8.068953489852081873e+01
8.118459558855998637e+01
8.167961935368742843e+01
8.217460623700678468e+01
8.266955628145316837e+01
8.316446952979349305e+01
8.365934602462677105e+01
8.415418580838442608e+01
8.464898892333062008e+01
8.514375541156253746e+01
8.563848531501072614e+01
8.613317867543935336e+01
8.662783553444658935e+01
8.712245593346482053e+01
8.761703991376103318e+01
8.811158751643708342e+01
8.860609878242996729e+01
8.910057375251219014e+01
8.959501246729202251e+01
9.008941496721379849e+01
9.058378129255821420e+01
9.107811148344265462e+01
9.157240557982144935e+01
9.206666362148618532e+01
9.256088564806601937e+01
9.305507169902793407e+01
9.354922181367705036e+01
9.404333603115692597e+01
9.453741439044982542e+01
9.503145693037700426e+01
9.552546368959903589e+01
9.601943470661606739e+01
9.651337001976808949e+01
9.700726966723526346e+01
9.750113368703816263e+01
9.799496211703809934e+01
9.848875499493736640e+01
9.898251235827954986e+01
9.947623424444977047e+01
9.996992069067499642e+01
1.004635717340242991e+02
1.009571874114091656e+02
1.014507677595837265e+02
1.019443128151450537e+02
1.024378226145334310e+02
1.029312971940326520e+02
1.034247365897702338e+02
1.039181408377177576e+02
1.044115099736910821e+02
1.049048440333506278e+02
1.053981430522016751e+02
1.058914070655945920e+02
1.063846361087251182e+02
1.068778302166346350e+02
1.073709894242104070e+02
1.078641137661858664e+02
1.083572032771408686e+02
1.088502579915019624e+02
1.093432779435426312e+02
1.098362631673835637e+02
1.103292136969929089e+02
1.108221295661865469e+02
1.113150108086283296e+02
1.118078574578303233e+02
1.123006695471531202e+02
1.127934471098060101e+02
1.132861901788473062e+02
1.137788987871845450e+02
1.142715729675747838e+02
1.147642127526248146e+02
1.152568181747914053e+02
1.157493892663815984e+02
1.162419260595529238e+02
1.167344285863136264e+02
1.172268968785229504e+02
1.177193309678913522e+02
1.182117308859807849e+02
1.187040966642048829e+02
1.191964283338292745e+02
1.196887259259717524e+02
1.201809894716025440e+02
1.206732190015445809e+02
1.211654145464736843e+02
1.216575761369188342e+02
1.221497038032623976e+02
1.226417975757403696e+02
1.231338574844425864e+02
1.236258835593129959e+02
1.241178758301498561e+02
1.246098343266059914e+02
1.251017590781890050e+02
1.255936501142615214e+02
1.260855074640414131e+02
1.265773311566020283e+02
1.270691212208724181e+02
1.275608776856375499e+02
1.280526005795385629e+02
1.285442899310729956e+02
1.290359457685949565e+02
1.295275681203153795e+02
1.300191570143022943e+02
1.305107124784809685e+02
1.310022345406341628e+02
1.314937232284023310e+02
1.319851785692839314e+02
1.324766005906354849e+02
1.329679893196719433e+02
1.334593447834668041e+02
1.339506670089523936e+02
1.344419560229200385e+02
1.349332118520202926e+02
1.354244345227631641e+02
1.359156240615182867e+02
1.364067804945151750e+02
1.368979038478434234e+02
1.373889941474529053e+02
1.378800514191540003e+02
1.383710756886177933e+02
1.388620669813762447e+02
1.393530253228224467e+02
1.398439507382108502e+02
1.403348432526573788e+02
1.408257028911397128e+02
1.413165296784974601e+02
1.418073236394323544e+02
1.422980847985085120e+02
1.427888131801525162e+02
1.432795088086537589e+02
1.437701717081645256e+02
1.442608019027002513e+02
1.447513994161396909e+02
1.452419642722251467e+02
1.457324964945626107e+02
1.462229961066220483e+02
1.467134631317375124e+02
1.472038975931073423e+02
1.476942995137944195e+02
1.481846689167262809e+02
1.486750058246953756e+02
1.491653102603592060e+02
1.496555822462405558e+02
1.501458218047276603e+02
1.506360289580743483e+02
1.511262037284003270e+02
1.516163461376912949e+02
1.521064562077991695e+02
1.525965339604422013e+02
1.530865794172052858e+02
1.535765925995399925e+02
1.540665735287648488e+02
1.545565222260655105e+02
1.550464387124949326e+02
1.555363230089735396e+02
1.560261751362893676e+02
1.565159951150983488e+02
1.570057829659243964e+02
1.574955387091596037e+02
1.579852623650644432e+02
1.584749539537679084e+02
1.589646134952677130e+02
1.594542410094304898e+02
1.599438365159918760e+02
1.604334000345567972e+02
1.609229315845995529e+02
1.614124311854640155e+02
1.619018988563638004e+02
1.623913346163824656e+02
1.628807384844736248e+02
1.633701104794611751e+02
1.638594506200393823e+02
1.643487589247731648e+02
1.648380354120981224e+02
1.653272801003208201e+02
1.658164930076188739e+02
1.663056741520411492e+02
1.667948235515079318e+02
1.672839412238110413e+02
1.677730271866140583e+02
1.682620814574524672e+02
1.687511040537337692e+02
1.692400949927376530e+02
1.697290542916162224e+02
1.702179819673940813e+02
1.707068780369685328e+02
1.711957425171096929e+02
1.716845754244606610e+02
1.721733767755376903e+02
1.726621465867303584e+02
1.731508848743016813e+02
1.736395916543882834e+02
1.741282669430005399e+02
1.746169107560227189e+02
1.751055231092131521e+02
1.755941040182044048e+02
1.760826534985033902e+02
1.765711715654915110e+02
1.770596582344248304e+02
1.775481135204342138e+02
1.780365374385254711e+02
1.785249300035794988e+02
1.790132912303524222e+02
1.795016211334757372e+02
1.799899197274565097e+02
1.804781870266774035e+02
1.809664230453969083e+02
1.814546277977494810e+02
1.819428012977456603e+02
1.824309435592722082e+02
1.829190545960922236e+02
1.834071344218453419e+02
1.838951830500478195e+02
1.843832004940927050e+02
1.848711867672499807e+02
1.853591418826666199e+02
1.858470658533668143e+02
1.863349586922520871e+02
1.868228204121013789e+02
1.873106510255712465e+02
1.877984505451959194e+02
1.882862189833875277e+02
1.887739563524361301e+02
1.892616626645099132e+02
1.897493379316553046e+02
1.902369821657971158e+02
1.907245953787385986e+02
1.912121775821616438e+02
1.916997287876269240e+02
1.921872490065739498e+02
1.926747382503212123e+02
1.931621965300663817e+02
1.936496238568863077e+02
1.941370202417372468e+02
1.946243856954549472e+02
1.951117202287547627e+02
1.955990238522317668e+02
1.960862965763608941e+02
1.965735384114970543e+02
1.970607493678752746e+02
1.975479294556107561e+02
1.980350786846990445e+02
1.985221970650161154e+02
1.990092846063185448e+02
1.994963413182435374e+02
1.999833672103091260e+02
2.004703622919142276e+02
2.009573265723387863e+02
2.014442600607439147e+02
2.019311627661719228e+02
2.024180346975464886e+02
2.029048758636727712e+02
2.033916862732374966e+02
2.038784659348090997e+02
2.043652148568378095e+02
2.048519330476557343e+02
2.053386205154770323e+02
2.058252772683979401e+02
2.063119033143969716e+02
2.067984986613349463e+02
2.072850633169551315e+02
2.077715972888833562e+02
2.082581005846280391e+02
2.087445732115804162e+02
2.092310151770145410e+02
2.097174264880874262e+02
2.102038071518391575e+02
2.106901571751929509e+02
2.111764765649552942e+02
2.116627653278160324e+02
2.121490234703484532e+02
2.126352509990094291e+02
2.131214479201394454e+02
2.136076142399627713e+02
2.140937499645875164e+02
2.145798551000056875e+02
2.150659296520933879e+02
2.155519736266107884e+02
2.160379870292023270e+02
2.165239698653967366e+02
2.170099221406071877e+02
2.174958438601312878e+02
2.179817350291513094e+02
2.184675956527341611e+02
2.189534257358315301e+02
2.194392252832799670e+02
2.199249942998009715e+02
2.204107327900010773e+02
2.208964407583719662e+02
2.213821182092904962e+02
2.218677651470188437e+02
2.223533815757045602e+02
2.228389674993806580e+02
2.233245229219657233e+02
2.238100478472639736e+02
2.242955422789653142e+02
2.247810062206455086e+02
2.252664396757661223e+02
2.257518426476747777e+02
2.262372151396050697e+02
2.267225571546767640e+02
2.272078686958957974e+02
2.276931497661543915e+02
2.281784003682311379e+02
2.286636205047910835e+02
2.291488101783857871e+02
2.296339693914533484e+02
2.301190981463185778e+02
2.306041964451930539e+02
2.310892642901750946e+02
2.315743016832499848e+02
2.320593086262899192e+02
2.325442851210541448e+02
2.330292311691890461e+02
2.335141467722281163e+02
2.339990319315921852e+02
2.344838866485893334e+02
2.349687109244150633e+02
2.354535047601523274e+02
2.359382681567715849e+02
2.364230011151309441e+02
2.369077036359761337e+02
2.373923757199405884e+02
2.378770173675455908e+02
2.383616285792002714e+02
2.388462093552016654e+02
2.393307596957347982e+02
2.398152796008727421e+02
2.402997690705767013e+02
2.407842281046960693e+02
2.412686567029684284e+02
2.417530548650196920e+02
2.422374225903641616e+02
2.427217598784044981e+02
2.432060667284318924e+02
2.436903431396260657e+02
2.441745891110553259e+02
2.446588046416766247e+02
2.451429897303356427e+02
2.456271443757668180e+02
2.461112685765934032e+02
2.465953623313275500e+02
2.470794256383703384e+02
2.475634584960118616e+02
2.480474609024311974e+02
2.485314328556965506e+02
2.490153743537652531e+02
2.494992853944838771e+02
2.499831659755881788e+02
2.504670160947032684e+02
2.509508357493436108e+02
2.514346249369130248e+02
2.519183836547047974e+02
2.524021118999017119e+02
2.528858096695760764e+02
2.533694769606898376e+02
2.538531137700945237e+02
2.543367200945313868e+02
2.548202959306313744e+02
2.553038412749152428e+02
2.557873561237935292e+02
2.562708404735666363e+02
2.567542943204248900e+02
2.572377176604485953e+02
2.577211104896079519e+02
2.582044728037632240e+02
2.586878045986647976e+02
2.591711058699530668e+02
2.596543766131587176e+02
2.601376168237025013e+02
2.606208264968954040e+02
2.611040056279387613e+02
2.615871542119241440e+02
2.620702722438334149e+02
2.625533597185389567e+02
2.630364166308033873e+02
2.635194429752799010e+02
2.640024387465121549e+02
2.644854039389342120e+02
2.649683385468708252e+02
2.654512425645372105e+02
2.659341159860392168e+02
2.664169588053733833e+02
2.668997710164269392e+02
2.673825526129777472e+02
2.678653035886944167e+02
2.683480239371363041e+02
2.688307136517536264e+02
2.693133727258873478e+02
2.697960011527692927e+02
2.702785989255222034e+02
2.707611660371596827e+02
2.712437024805862507e+02
2.717262082485974020e+02
2.722086833338796055e+02
2.726911277290103044e+02
2.731735414264579731e+02
2.736559244185821740e+02
2.741382766976334437e+02
2.746205982557535208e+02
2.751028890849751747e+02
2.755851491772223767e+02
2.760673785243101861e+02
2.765495771179448639e+02
2.770317449497238158e+02
2.775138820111357632e+02
2.779959882935605719e+02
2.784780637882693100e+02
2.789601084864244172e+02
2.794421223790795921e+02
2.799241054571797349e+02
2.804060577115611750e+02
2.808879791329514433e+02
2.813698697119694998e+02
2.818517294391256769e+02
2.823335583048215653e+02
2.828153562993501851e+02
2.832971234128959850e+02
2.837788596355347295e+02
2.842605649572336688e+02
2.847422393678514823e+02
2.852238828571381646e+02
2.857054954147352532e+02
2.861870770301757716e+02
2.866686276928840584e+02
2.871501473921759953e+02
2.876316361172589495e+02
2.881130938572317746e+02
2.885945206010846960e+02
2.890759163376995957e+02
2.895572810558496712e+02
2.900386147441997196e+02
2.905199173913060804e+02
2.910011889856164657e+02
2.914824295154701872e+02
2.919636389690980423e+02
2.924448173346223143e+02
2.929259646000567727e+02
2.934070807533067864e+02
2.938881657821691533e+02
2.943692196743322143e+02
2.948502424173757959e+02
2.953312339987712676e+02
2.958121944058814279e+02
2.962931236259606180e+02
2.967740216461547220e+02
2.972548884535010529e+02
2.977357240349283529e+02
2.982165283772569637e+02
2.986973014671986562e+02
2.991780432913566870e+02
2.996587538362257419e+02
3.001394330881919359e+02
3.006200810335329265e+02
3.011006976584176869e+02
3.015812829489067326e+02
3.020618368909518949e+02
3.025423594703964909e+02
3.030228506729752098e+02
3.035033104843141700e+02
3.039837388899308053e+02
3.044641358752338647e+02
3.049445014255235833e+02
3.054248355259914547e+02
3.059051381617202878e+02
3.063854093176842071e+02
3.068656489787486521e+02
3.073458571296703212e+02
3.078260337550971713e+02
3.083061788395684175e+02
3.087862923675144771e+02
3.092663743232570255e+02
3.097464246910088832e+02
3.102264434548740724e+02
3.107064305988477599e+02
3.111863861068162009e+02
3.116663099625568520e+02
3.121462021497382011e+02
3.126260626519197672e+02
3.131058914525522141e+02
3.135856885349771801e+02
3.140654538824273345e+02
3.145451874780262642e+02
3.150248893047885304e+02
3.155045593456196684e+02
3.159841975833160745e+02
3.164638040005650623e+02
3.169433785799447492e+02
3.174229213039241699e+02
3.179024321548629928e+02
3.183819111150118033e+02
3.188613581665118772e+02
3.193407732913951804e+02
3.198201564715844256e+02
3.202995076888929020e+02
3.207788269250245321e+02
3.212581141615738716e+02
3.217373693800259957e+02
3.222165925617565563e+02
3.226957836880316108e+02
3.231749427400077934e+02
3.236540696987320871e+02
3.241331645451418240e+02
3.246122272600647989e+02
3.250912578242190989e+02
3.255702562182130464e+02
3.260492224225452560e+02
3.265281564176045208e+02
3.270070581836698125e+02
3.274859277009102811e+02
3.279647649493851418e+02
3.284435699090436174e+02
3.289223425597250525e+02
3.294010828811587430e+02
3.298797908529638221e+02
3.303584664546494309e+02
3.308371096656145482e+02
3.313157204651479333e+02
3.317942988324280691e+02
3.322728447465232762e+02
3.327513581863914283e+02
3.332298391308801229e+02
3.337082875587265676e+02
3.341867034485574095e+02
3.346650867788889059e+02
3.351434375281266966e+02
3.356217556745658044e+02
3.361000411963906913e+02
3.365782940716750886e+02
3.370565142783819397e+02
3.375347017943635137e+02
3.380128565973611217e+02
3.384909786650052297e+02
3.389690679748153457e+02
3.394471245042000191e+02
3.399251482304567844e+02
3.404031391307719900e+02
3.408810971822209126e+02
3.413590223617675292e+02
3.418369146462646881e+02
3.423147740124537677e+02
3.427926004369649604e+02
3.432703938963168753e+02
3.437481543669167081e+02
3.442258818250601280e+02
3.447035762469312203e+02
3.451812376086023733e+02
3.456588658860342775e+02
3.461364610550758698e+02
3.466140230914642757e+02
3.470915519708246961e+02
3.475690476686703505e+02
3.480465101604025335e+02
3.485239394213103878e+02
3.490013354265709609e+02
3.494786981512490911e+02
3.499560275702974081e+02
3.504333236585561053e+02
3.509105863907531102e+02
3.513878157415038004e+02
3.518650116853111172e+02
3.523421741965653382e+02
3.528193032495441344e+02
3.532963988184124560e+02
3.537734608772224760e+02
3.542504893999134765e+02
3.547274843603118484e+02
3.552044457321309778e+02
3.556813734889712464e+02
3.561582676043198603e+02
3.566351280515507938e+02
3.571119548039247888e+02
3.575887478345891850e+02
3.580655071165780328e+02
3.585422326228117527e+02
3.590189243260973058e+02
3.594955821991279663e+02
3.599722062144833217e+02
3.604487963446291587e+02
3.609253525619174638e+02
3.614018748385861386e+02
3.618783631467592272e+02
3.623548174584466324e+02
3.628312377455440583e+02
3.633076239798330107e+02
3.637839761329806265e+02
3.642602941765396736e+02
3.647365780819484371e+02
3.652128278205306060e+02
3.656890433634952728e+02
3.661652246819367633e+02
3.666413717468346363e+02
3.671174845290535700e+02
3.675935629993432485e+02
3.680696071283382480e+02
3.685456168865580935e+02
3.690215922444070884e+02
3.694975331721742009e+02
3.699734396400329501e+02
3.704493116180414631e+02
3.709251490761422474e+02
3.714009519841622478e+02
3.718767203118125622e+02
3.723524540286884985e+02
3.728281531042694610e+02
3.733038175079188363e+02
3.737794472088839370e+02
3.742550421762958877e+02
3.747306023791695111e+02
3.752061277864033286e+02
3.756816183667792757e+02
3.761570740889629292e+02
3.766324949215030529e+02
3.771078808328317109e+02
3.775832317912642111e+02
3.780585477649988775e+02
3.785338287221170503e+02
3.790090746305829157e+02
3.794842854582434484e+02
3.799594611728284121e+02
3.804346017419500185e+02
3.809097071331030975e+02
3.813847773136648129e+02
3.818598122508946062e+02
3.823348119119342527e+02
3.828097762638075210e+02
3.832847052734201725e+02
3.837595989075599618e+02
3.842344571328964093e+02
3.847092799159806873e+02
3.851840672232456200e+02
3.856588190210054563e+02
3.861335352754559267e+02
3.866082159526740156e+02
3.870828610186179048e+02
3.875574704391268597e+02
3.880320441799210585e+02
3.885065822066015926e+02
3.889810844846503528e+02
3.894555509794298018e+02
3.899299816561830312e+02
3.904043764800335339e+02
3.908787354159850906e+02
3.913530584289217700e+02
3.918273454836077576e+02
3.923015965446871860e+02
3.927758115766841343e+02
3.932499905440024577e+02
3.937241334109256172e+02
3.941982401416167363e+02
3.946723107001182598e+02
3.951463450503520676e+02
3.956203431561192474e+02
3.960943049810999241e+02
3.965682304888532599e+02
3.970421196428172266e+02
3.975159724063086628e+02
3.979897887425229897e+02
3.984635686145341538e+02
3.989373119852945138e+02
3.994110188176347265e+02
3.998846890742635765e+02
4.003583227177679760e+02
4.008319197106126808e+02
4.013054800151403469e+02
4.017790035935713036e+02
4.022524904080033821e+02
4.027259404204119164e+02
4.031993535926495724e+02
4.036727298864462341e+02
4.041460692634088332e+02
4.046193716850212354e+02
4.050926371126442405e+02
4.055658655075152978e+02
4.060390568307483932e+02
4.065122110433340481e+02
4.069853281061390931e+02
4.074584079799065535e+02
4.079314506252555361e+02
4.084044560026810586e+02
4.088774240725541063e+02
4.093503547951211772e+02
4.098232481305044530e+02
4.102961040387015146e+02
4.107689224795852283e+02
4.112417034129036324e+02
4.117144467982798801e+02
4.121871525952119555e+02
4.126598207630726165e+02
4.131324512611093382e+02
4.136050440484440855e+02
4.140775990840731424e+02
4.145501163268671121e+02
4.150225957355706328e+02
4.154950372688023776e+02
4.159674408850548275e+02
4.164398065426942139e+02
4.169121341999602350e+02
4.173844238149660555e+02
4.178566753456981928e+02
4.183288887500162332e+02
4.188010639856527746e+02
4.192732010102133700e+02
4.197452997811761861e+02
4.202173602558921175e+02
4.206893823915843313e+02
4.211613661453484383e+02
4.216333114741522081e+02
4.221052183348353424e+02
4.225770866841095312e+02
4.230489164785581124e+02
4.235207076746360713e+02
4.239924602286698132e+02
4.244641740968569934e+02
4.249358492352665166e+02
4.254074855998383100e+02
4.258790831463830386e+02
4.263506418305821626e+02
4.268221616079877094e+02
4.272936424340221038e+02
4.277650842639780535e+02
4.282364870530184362e+02
4.287078507561760148e+02
4.291791753283533808e+02
4.296504607243228406e+02
4.301217068987261882e+02
4.305929138060745913e+02
4.310640814007484778e+02
4.315352096369972514e+02
4.320062984689392920e+02
4.324773478505616708e+02
4.329483577357201511e+02
4.334193280781388466e+02
4.338902588314102218e+02
4.343611499489948073e+02
4.348320013842212006e+02
4.353028130902857242e+02
4.357735850202524261e+02
4.362443171270528524e+02
4.367150093634858763e+02
4.371856616822175852e+02
4.376562740357811094e+02
4.381268463765763386e+02
4.385973786568699779e+02
4.390678708287952645e+02
4.395383228443517964e+02
4.400087346554053624e+02
4.404791062136878850e+02
4.409494374707971360e+02
4.414197283781966235e+02
4.418899788872154772e+02
4.423601889490481653e+02
4.428303585147544368e+02
4.433004875352590375e+02
4.437705759613517671e+02
4.442406237436870242e+02
4.447106308327839201e+02
4.451805971790258241e+02
4.456505227326604768e+02
4.461204074437995928e+02
4.465902512624189171e+02
4.470600541383577706e+02
4.475298160213191636e+02
4.479995368608693980e+02
4.484692166064380672e+02
4.489388552073178289e+02
4.494084526126641777e+02
4.498780087714953311e+02
4.503475236326920594e+02
4.508169971449974582e+02
4.512864292570168345e+02
4.517558199172174795e+02
4.522251690739285550e+02
4.526944766753409226e+02
4.531637426695068598e+02
4.536329670043399460e+02
4.541021496276149492e+02
4.545712904869675981e+02
4.550403895298943553e+02
4.555094467037523032e+02
4.559784619557589735e+02
4.564474352329920634e+02
4.569163664823894351e+02
4.573852556507488316e+02
4.578541026847275930e+02
4.583229075308426559e+02
4.587916701354703264e+02
4.592603904448459957e+02
4.597290684050640834e+02
4.601977039620777532e+02
4.606662970616988559e+02
4.611348476495975888e+02
4.616033556713024382e+02
4.620718210721999526e+02
4.625402437975345151e+02
4.630086237924081729e+02
4.634769610017805803e+02
4.639452553704686011e+02
4.644135068431462514e+02
4.648817153643445295e+02
4.653498808784511311e+02
4.658180033297103364e+02
4.662860826622227819e+02
4.667541188199452904e+02
4.672221117466907003e+02
4.676900613861275815e+02
4.681579676817802351e+02
4.686258305770282391e+02
4.690936500151065047e+02
4.695614259391049927e+02
4.700291582919684288e+02
4.704968470164961900e+02
4.709644920553421343e+02
4.714320933510144300e+02
4.718996508458752146e+02
4.723671644821405948e+02
4.728346342018803057e+02
4.733020599470175398e+02
4.737694416593288338e+02
4.742367792804437272e+02
4.747040727518447625e+02
4.751713220148670302e+02
4.756385270106982830e+02
4.761056876803784235e+02
4.765728039647995047e+02
4.770398758047055026e+02
4.775069031406920317e+02
4.779738859132062316e+02
4.784408240625465396e+02
4.789077175288625199e+02
4.793745662521545796e+02
4.798413701722738551e+02
4.803081292289219277e+02
4.807748433616506532e+02
4.812415125098619910e+02
4.817081366128078344e+02
4.821747156095896685e+02
4.826412494391584573e+02
4.831077380403144161e+02
4.835741813517068977e+02
4.840405793118339943e+02
4.845069318590425382e+02
4.849732389315277601e+02
4.854395004673331186e+02
4.859057164043500165e+02
4.863718866803178003e+02
4.868380112328233622e+02
4.873040899993010271e+02
4.877701229170322108e+02
4.882361099231453636e+02
4.887020509546157427e+02
4.891679459482650714e+02
4.896337948407615386e+02
4.900995975686193447e+02
4.905653540681986442e+02
4.910310642757053188e+02
4.914967281271907495e+02
4.919623455585515899e+02
4.924279165055295380e+02
4.928934409037111664e+02
4.933589186885276945e+02
4.938243497952547614e+02
4.942897341590122551e+02
4.947550717147639716e+02
4.952203623973175581e+02
4.956856061413241719e+02
4.961508028812783664e+02
4.966159525515177506e+02
4.970810550862229320e+02
4.975461104194171185e+02
4.980111184849661186e+02
4.984760792165778298e+02
4.989409925478023524e+02
4.994058584120314777e+02
4.998706767424986310e+02
5.003354474722786449e+02
5.008001705342874743e+02
5.012648458612820264e+02
5.017294733858599329e+02
5.021940530404592664e+02
5.026585847573584260e+02
5.031230684686757968e+02
5.035875041063696926e+02
5.040518916022379017e+02
5.045162308879176294e+02
5.049805218948853280e+02
5.054447645544562420e+02
5.059089587977844076e+02
5.063731045558623123e+02
5.068372017595206671e+02
5.073012503394282362e+02
5.077652502260916663e+02
5.082292013498550318e+02
5.086931036408998352e+02
5.091569570292447224e+02
5.096207614447451988e+02
5.100845168170934585e+02
5.105482230758181004e+02
5.110118801502839574e+02
5.114754879696918124e+02
5.119390464630782844e+02
5.124025555593153740e+02
5.128660151871105199e+02
5.133294252750060878e+02
5.137927857513794834e+02
5.142560965444424710e+02
5.147193575822412868e+02
5.151825687926562978e+02
5.156457301034018883e+02
5.161088414420260051e+02
5.165719027359099300e+02
5.170349139122683937e+02
5.174978748981488934e+02
5.179607856204318068e+02
5.184236460058300509e+02
5.188864559808886270e+02
5.193492154719848486e+02
5.198119244053275452e+02
5.202745827069572897e+02
5.207371903027460576e+02
5.211997471183967718e+02
5.216622530794431896e+02
5.221247081112499018e+02
5.225871121390117651e+02
5.230494650877539016e+02
5.235117668823311305e+02
5.239740174474281957e+02
5.244362167075591969e+02
5.248983645870673627e+02
5.253604610101249364e+02
5.258225059007330628e+02
5.262844991827211061e+02
5.267464407797469903e+02
5.272083306152964042e+02
5.276701686126829145e+02
5.281319546950476251e+02
5.285936887853588360e+02
5.290553708064121565e+02
5.295170006808298240e+02
5.299785783310607030e+02
5.304401036793800586e+02
5.309015766478891010e+02
5.313629971585150997e+02
5.318243651330107014e+02
5.322856804929541568e+02
5.327469431597487528e+02
5.332081530546226986e+02
5.336693100986287845e+02
5.341304142126442684e+02
5.345914653173705346e+02
5.350524633333329803e+02
5.355134081808805604e+02
5.359742997801857882e+02
5.364351380512442802e+02
5.368959229138746423e+02
5.373566542877181291e+02
5.378173320922385301e+02
5.382779562467219421e+02
5.387385266702762010e+02
5.391990432818309955e+02
5.396595060001376396e+02
5.401199147437683905e+02
5.405802694311167897e+02
5.410405699803969810e+02
5.415008163096435965e+02
5.419610083367115294e+02
5.424211459792758205e+02
5.428812291548312032e+02
5.433412577806918762e+02
5.438012317739913897e+02
5.442611510516823046e+02
5.447210155305359649e+02
5.451808251271422705e+02
5.456405797579094497e+02
5.461002793390637180e+02
5.465599237866490512e+02
5.470195130165270712e+02
5.474790469443765915e+02
5.479385254856936172e+02
5.483979485557910039e+02
5.488573160697980029e+02
5.493166279426602614e+02
5.497758840891394811e+02
5.502350844238133050e+02
5.506942288610747482e+02
5.511533173151323126e+02
5.516123497000095313e+02
5.520713259295447415e+02
5.525302459173909710e+02
5.529891095770154834e+02
5.534479168216996641e+02
5.539066675645386795e+02
5.543653617184414770e+02
5.548239991961301030e+02
5.552825799101398161e+02
5.557411037728188603e+02
5.561995706963277826e+02
5.566579805926397739e+02
5.571163333735399874e+02
5.575746289506254243e+02
5.580328672353048205e+02
5.584910481387980781e+02
5.589491715721363789e+02
5.594072374461616164e+02
5.598652456715265089e+02
5.603231961586939178e+02
5.607810888179370750e+02
5.612389235593387866e+02
5.616967002927916610e+02
5.621544189279977672e+02
5.626120793744680668e+02
5.630696815415226411e+02
5.635272253382900089e+02
5.639847106737071272e+02
5.644421374565191627e+02
5.648995055952791517e+02
5.653568149983476587e+02
5.658140655738927762e+02
5.662712572298896703e+02
5.667283898741204666e+02
5.671854634141739098e+02
5.676424777574450218e+02
5.680994328111352161e+02
5.685563284822516152e+02
5.690131646776071648e+02
5.694699413038200646e+02
5.699266582673137691e+02
5.703833154743166460e+02
5.708399128308617492e+02
5.712964502427864772e+02
5.717529276157325739e+02
5.722093448551455594e+02
5.726657018662747305e+02
5.731219985541728192e+02
5.735782348236957660e+02
5.740344105795023779e+02
5.744905257260543294e+02
5.749465801676155934e+02
5.754025738082524413e+02
5.758585065518331021e+02
5.763143783020274213e+02
5.767701889623069746e+02
5.772259384359443857e+02
5.776816266260134398e+02
5.781372534353884021e+02
5.785928187667443581e+02
5.790483225225564183e+02
5.795037646050998319e+02
5.799591449164496453e+02
5.804144633584803614e+02
5.808697198328658260e+02
5.813249142410788863e+02
5.817800464843912778e+02
5.822351164638732826e+02
5.826901240803935025e+02
5.831450692346186315e+02
5.835999518270132285e+02
5.840547717578393758e+02
5.845095289271566799e+02
5.849642232348217021e+02
5.854188545804879595e+02
5.858734228636056969e+02
5.863279279834214321e+02
5.867823698389780702e+02
5.872367483291141070e+02
5.876910633524640843e+02
5.881453148074577939e+02
5.885995025923203912e+02
5.890536266050719405e+02
5.895076867435271879e+02
5.899616829052954472e+02
5.904156149877804864e+02
5.908694828881798458e+02
5.913232865034850647e+02
5.917770257304811139e+02
5.922307004657463949e+02
5.926843106056525130e+02
5.931378560463638223e+02
5.935913366838373122e+02
5.940447524138224935e+02
5.944981031318609439e+02
5.949513887332861941e+02
5.954046091132237279e+02
5.958577641665901865e+02
5.963108537880937092e+02
5.967638778722333655e+02
5.972168363132990407e+02
5.976697290053713232e+02
5.981225558423209350e+02
5.985753167178089598e+02
5.990280115252861606e+02
5.994806401579930935e+02
5.999332025089597664e+02
6.003856984710054121e+02
6.008381279367382604e+02
6.012904907985551972e+02
6.017427869486418786e+02
6.021950162789721617e+02
6.026471786813079916e+02
6.030992740471992875e+02
6.035513022679837150e+02
6.040032632347861181e+02
6.044551568385188602e+02
6.049069829698811418e+02
6.053587415193591141e+02
6.058104323772253110e+02
6.062620554335387624e+02
6.067136105781446531e+02
6.071650977006740959e+02
6.076165166905439037e+02
6.080678674369563623e+02
6.085191498288991170e+02
6.089703637551448310e+02
6.094215091042511858e+02
6.098725857645604265e+02
6.103235936241991340e+02
6.107745325710783391e+02
6.112254024928930676e+02
6.116762032771221129e+02
6.121269348110279225e+02
6.125775969816562565e+02
6.130281896758363018e+02
6.134787127801802171e+02
6.139291661810827918e+02
6.143795497647215598e+02
6.148298634170564583e+02
6.152801070238296006e+02
6.157302804705650487e+02
6.161803836425688132e+02
6.166304164249285122e+02
6.170803787025130305e+02
6.175302703599725191e+02
6.179800912817382823e+02
6.184298413520223221e+02
6.188795204548173388e+02
6.193291284738963896e+02
6.197786652928128888e+02
6.202281307949003804e+02
6.206775248632720832e+02
6.211268473808210047e+02
6.215760982302197135e+02
6.220252772939201122e+02
6.224743844541530962e+02
6.229234195929286670e+02
6.233723825920353647e+02
6.238212733330406081e+02
6.242700916972900131e+02
6.247188375659075064e+02
6.251675108197950976e+02
6.256161113396326527e+02
6.260646390058775523e+02
6.265130936987650330e+02
6.269614752983073913e+02
6.274097836842942115e+02
6.278580187362920242e+02
6.283061803336444200e+02
6.287542683554713676e+02
6.292022826806694411e+02
6.296502231879115925e+02
6.300980897556470381e+02
6.305458822621006902e+02
6.309936005852736116e+02
6.314412446029424473e+02
6.318888141926593107e+02
6.323363092317517840e+02
6.327837295973225764e+02
6.332310751662494113e+02
6.336783458151850255e+02
6.341255414205568286e+02
6.345726618585667893e+02
6.350197070051914352e+02
6.354666767361815118e+02
6.359135709270619827e+02
6.363603894531316882e+02
6.368071321894633456e+02
6.372537990109035491e+02
6.377003897920723148e+02
6.381469044073631949e+02
6.385933427309429362e+02
6.390397046367514804e+02
6.394859899985017364e+02
6.399321986896795806e+02
6.403783305835437432e+02
6.408243855531253530e+02
6.412703634712281655e+02
6.417162642104283350e+02
6.421620876430741873e+02
6.426078336412861063e+02
6.430535020769566472e+02
6.434990928217500823e+02
6.439446057471026279e+02
6.443900407242218762e+02
6.448353976240871361e+02
6.452806763174490925e+02
6.457258766748296921e+02
6.461709985665221438e+02
6.466160418625905777e+02
6.470610064328701583e+02
6.475058921469669713e+02
6.479506988742579097e+02
6.483954264838903327e+02
6.488400748447822934e+02
6.492846438256221973e+02
6.497291332948690297e+02
6.501735431207517877e+02
6.506178731712698209e+02
6.510621233141924904e+02
6.515062934170590552e+02
6.519503833471788994e+02
6.523943929716310777e+02
6.528383221572645425e+02
6.532821707706976895e+02
6.537259386783185846e+02
6.541696257462848507e+02
6.546132318405235537e+02
6.550567568267310889e+02
6.555002005703730674e+02
6.559435629366843159e+02
6.563868437906689906e+02
6.568300429971001222e+02
6.572731604205198437e+02
6.577161959252392762e+02
6.581591493753385294e+02
6.586020206346663599e+02
6.590448095668405131e+02
6.594875160352472676e+02
6.599301399030418906e+02
6.603726810331480692e+02
6.608151392882581376e+02
6.612575145308330775e+02
6.616998066231022904e+02
6.621420154270637113e+02
6.625841408044838090e+02
6.630261826168973585e+02
6.634681407256074408e+02
6.639100149916856708e+02
6.643518052759719694e+02
6.647935114390744502e+02
6.652351333413696466e+02
6.656766708430022845e+02
6.661181238038852825e+02
6.665594920836999790e+02
6.670007755418957913e+02
6.674419740376904429e+02
6.678830874300698497e+02
6.683241155777880067e+02
6.687650583393673287e+02
6.692059155730983093e+02
6.696466871370397484e+02
6.700873728890185248e+02
6.705279726866299370e+02
6.709684863872373626e+02
6.714089138479725989e+02
6.718492549257355222e+02
6.722895094771945423e+02
6.727296773587861480e+02
6.731697584267153616e+02
6.736097525369555115e+02
6.740496595452483461e+02
6.744894793071040340e+02
6.749292116778012769e+02
6.753688565123871967e+02
6.758084136656775627e+02
6.762478829922567911e+02
6.766872643464778321e+02
6.771265575824625103e+02
6.775657625541012976e+02
6.780048791150534271e+02
6.784439071187472337e+02
6.788828464183798133e+02
6.793216968669173639e+02
6.797604583170951855e+02
6.801991306214176802e+02
6.806377136321584658e+02
6.810762072013604893e+02
6.815146111808362548e+02
6.819529254221674819e+02
6.823911497767056744e+02
6.828292840955718930e+02
6.832673282296570960e+02
6.837052820296219124e+02
6.841431453458969827e+02
6.845809180286830724e+02
6.850185999279511861e+02
6.854561908934424537e+02
6.858936907746684710e+02
6.863310994209114142e+02
6.867684166812240392e+02
6.872056424044299092e+02
6.876427764391233950e+02
6.880798186336700155e+02
6.885167688362064382e+02
6.889536268946405926e+02
6.893903926566517839e+02
6.898270659696910343e+02
6.902636466809811964e+02
6.907001346375167259e+02
6.911365296860644776e+02
6.915728316731632503e+02
6.920090404451243558e+02
6.924451558480317317e+02
6.928811777277418287e+02
6.933171059298841783e+02
6.937529402998612795e+02
6.941886806828489398e+02
6.946243269237963887e+02
6.950598788674266189e+02
6.954953363582362726e+02
6.959306992404962102e+02
6.963659673582513960e+02
6.968011405553212398e+02
6.972362186752999378e+02
6.976712015615563587e+02
6.981060890572346125e+02
6.985408810052540503e+02
6.989755772483096052e+02
6.994101776288720203e+02
6.998446819891879613e+02
7.002790901712802452e+02
7.007134020169484074e+02
7.011476173677684756e+02
7.015817360650936507e+02
7.020157579500543079e+02
7.024496828635582233e+02
7.028835106462910289e+02
7.033172411387164402e+02
7.037508741810763695e+02
7.041844096133914945e+02
7.046178472754610311e+02
7.050511870068636426e+02
7.054844286469573262e+02
7.059175720348797540e+02
7.063506170095487278e+02
7.067835634096622925e+02
7.072164110736991915e+02
7.076491598399190934e+02
7.080818095463630470e+02
7.085143600308534815e+02
7.089468111309950018e+02
7.093791626841742755e+02
7.098114145275606006e+02
7.102435664981062473e+02
7.106756184325467984e+02
7.111075701674012635e+02
7.115394215389728743e+02
7.119711723833489714e+02
7.124028225364017999e+02
7.128343718337886230e+02
7.132658201109519496e+02
7.136971672031204434e+02
7.141284129453086962e+02
7.145595571723179091e+02
7.149905997187364619e+02
7.154215404189400260e+02
7.158523791070920197e+02
7.162831156171439488e+02
7.167137497828362029e+02
7.171442814376980550e+02
7.175747104150481164e+02
7.180050365479951324e+02
7.184352596694378690e+02
7.188653796120661355e+02
7.192953962083606712e+02
7.197253092905940548e+02
7.201551186908309319e+02
7.205848242409284694e+02
7.210144257725368107e+02
7.214439231170997573e+02
7.218733161058548831e+02
7.223026045698344433e+02
7.227317883398653748e+02
7.231608672465703194e+02
7.235898411203676233e+02
7.240187097914722472e+02
7.244474730898959933e+02
7.248761308454480741e+02
7.253046828877357939e+02
7.257331290461650042e+02
7.261614691499404444e+02
7.265897030280665376e+02
7.270178305093477320e+02
7.274458514223891825e+02
7.278737655955973196e+02
7.283015728571803038e+02
7.287292730351485943e+02
7.291568659573157447e+02
7.295843514512985166e+02
7.300117293445180167e+02
7.304389994641999238e+02
7.308661616373750576e+02
7.312932156908802881e+02
7.317201614513588765e+02
7.321469987452611576e+02
7.325737273988451079e+02
7.330003472381771417e+02
7.334268580891325655e+02
7.338532597773963744e+02
7.342795521284637061e+02
7.347057349676406375e+02
7.351318081200447523e+02
7.355577714106058238e+02
7.359836246640666104e+02
7.364093677049833104e+02
7.368350003577263578e+02
7.372605224464812181e+02
7.376859337952488431e+02
7.381112342278464666e+02
7.385364235679085141e+02
7.389615016388870572e+02
7.393864682640526098e+02
7.398113232664949237e+02
7.402360664691235570e+02
7.406606976946687837e+02
7.410852167656821621e+02
7.415096235045376716e+02
7.419339177334319402e+02
7.423580992743852676e+02
7.427821679492426483e+02
7.432061235796739993e+02
7.436299659871754102e+02
7.440536949930698256e+02
7.444773104185076136e+02
7.449008120844678160e+02
7.453241998117583762e+02
7.457474734210175029e+02
7.461706327327141253e+02
7.465936775671490295e+02
7.470166077444554276e+02
7.474394230845999800e+02
7.478621234073835922e+02
7.482847085324423233e+02
7.487071782792480690e+02
7.491295324671095841e+02
7.495517709151735062e+02
7.499738934424250374e+02
7.503958998676888541e+02
7.508177900096301300e+02
7.512395636867552184e+02
7.516612207174129026e+02
7.520827609197951915e+02
7.525041841119380024e+02
7.529254901117225245e+02
7.533466787368757878e+02
7.537677498049717997e+02
7.541887031334325684e+02
7.546095385395290123e+02
7.550302558403819830e+02
7.554508548529629479e+02
7.558713353940954676e+02
7.562916972804558782e+02
7.567119403285743147e+02
7.571320643548358476e+02
7.575520691754815061e+02
7.579719546066090743e+02
7.583917204641745684e+02
7.588113665639928058e+02
7.592308927217387691e+02
7.596502987529486290e+02
7.600695844730205408e+02
7.604887496972162353e+02
7.609077942406615875e+02
7.613267179183480948e+02
7.617455205451336724e+02
7.621642019357439040e+02
7.625827619047732924e+02
7.630012002666862827e+02
7.634195168358181718e+02
7.638377114263764724e+02
7.642557838524421641e+02
7.646737339279706021e+02
7.650915614667928821e+02
7.655092662826168635e+02
7.659268481890285329e+02
7.663443069994929147e+02
7.667616425273554341e+02
7.671788545858432826e+02
7.675959429880663265e+02
7.680129075470185853e+02
7.684297480755792549e+02
7.688464643865139578e+02
7.692630562924763353e+02
7.696795236060087291e+02
7.700958661395440004e+02
7.705120837054064395e+02
7.709281761158131303e+02
7.713441431828753139e+02
7.717599847185997533e+02
7.721757005348897565e+02
7.725912904435466544e+02
7.730067542562712788e+02
7.734220917846650991e+02
7.738373028402315867e+02
7.742523872343775793e+02
7.746673447784145310e+02
7.750821752835602183e+02
7.754968785609397628e+02
7.759114544215872229e+02
7.763259026764467308e+02
7.767402231363741976e+02
7.771544156121384503e+02
7.775684799144230510e+02
7.779824158538272059e+02
7.783962232408675845e+02
7.788099018859794569e+02
7.792234515995186257e+02
7.796368721917623361e+02
7.800501634729109810e+02
7.804633252530898062e+02
7.808763573423499338e+02
7.812892595506702946e+02
7.817020316879588790e+02
7.821146735640543284e+02
7.825271849887274129e+02
7.829395657716827372e+02
7.833518157225599907e+02
7.837639346509357665e+02
7.841759223663249259e+02
7.845877786781821897e+02
7.849995033959040711e+02
7.854110963288297853e+02
7.858225572862435229e+02
7.862338860773757006e+02
7.866450825114045529e+02
7.870561463974579510e+02
7.874670775446147672e+02
7.878778757619069211e+02
7.882885408583205162e+02
7.886990726427978871e+02
7.891094709242391900e+02
7.895197355115038818e+02
7.899298662134127653e+02
7.903398628387494682e+02
7.907497251962620339e+02
7.911594530946648547e+02
7.915690463426402630e+02
7.919785047488403507e+02
7.923878281218886741e+02
7.927970162703820733e+02
7.932060690028922636e+02
7.936149861279677680e+02
7.940237674541356228e+02
7.944324127899031964e+02
7.948409219437600086e+02
7.952492947241795491e+02
7.956575309396209832e+02
7.960656303985309705e+02
7.964735929093458253e+02
7.968814182804928805e+02
7.972891063203927615e+02
7.976966568374609778e+02
7.981040696401099694e+02
7.985113445367509257e+02
7.989184813357954908e+02
7.993254798456581511e+02
7.997323398747575993e+02
8.001390612315188946e+02
8.005456437243756227e+02
8.009520871617714874e+02
8.013583913521623572e+02
8.017645561040183111e+02
8.021705812258254582e+02
8.025764665260880975e+02
8.029822118133307640e+02
8.033878168960998210e+02
8.037932815829658466e+02
8.041986056825255673e+02
8.046037890034037900e+02
8.050088313542555625e+02
8.054137325437682193e+02
8.058184923806632014e+02
8.062231106736984430e+02
8.066275872316701907e+02
8.070319218634152776e+02
8.074361143778131691e+02
8.078401645837878959e+02
8.082440722903104415e+02
8.086478373064005609e+02
8.090514594411292819e+02
8.094549385036207241e+02
8.098582743030542588e+02
8.102614666486670103e+02
8.106645153497556748e+02
8.110674202156787942e+02
8.114701810558589159e+02
8.118727976797849806e+02
8.122752698970143683e+02
8.126775975171750588e+02
8.130797803499679048e+02
8.134818182051690201e+02
8.138837108926318251e+02
8.142854582222894351e+02
8.146870600041568196e+02
8.150885160483331902e+02
8.154898261650041604e+02
8.158909901644440197e+02
8.162920078570183477e+02
8.166928790531858340e+02
8.170936035635010057e+02
8.174941811986165021e+02
8.178946117692851203e+02
8.182948950863624304e+02
8.186950309608090492e+02
8.190950192036931412e+02
8.194948596261925786e+02
8.198945520395975564e+02
8.202940962553126383e+02
8.206934920848595993e+02
8.210927393398794720e+02
8.214918378321351611e+02
8.218907873735139447e+02
8.222895877760297481e+02
8.226882388518256448e+02
8.230867404131763578e+02
8.234850922724906468e+02
8.238832942423139230e+02
8.242813461353305229e+02
8.246792477643664370e+02
8.250769989423918105e+02
8.254745994825231037e+02
8.258720491980261613e+02
8.262693479023182590e+02
8.266664954089708317e+02
8.270634915317122022e+02
8.274603360844299687e+02
8.278570288811733917e+02
8.282535697361563507e+02
8.286499584637596172e+02
8.290461948785336972e+02
8.294422787952012186e+02
8.298382100286596597e+02
8.302339883939839638e+02
8.306296137064292679e+02
8.310250857814331766e+02
8.314204044346189448e+02
8.318155694817976382e+02
8.322105807389710890e+02
8.326054380223345106e+02
8.330001411482792264e+02
8.333946899333952842e+02
8.337890841944740714e+02
8.341833237485111567e+02
8.345774084127090191e+02
8.349713380044796622e+02
8.353651123414475705e+02
8.357587312414520966e+02
8.361521945225505306e+02
8.365455020030206015e+02
8.369386535013635466e+02
8.373316488363067265e+02
8.377244878268062394e+02
8.381171702920498774e+02
8.385096960514600823e+02
8.389020649246964467e+02
8.392942767316586696e+02
8.396863312924895126e+02
8.400782284275774145e+02
8.404699679575593336e+02
8.408615497033238171e+02
8.412529734860136159e+02
8.416442391270286407e+02
8.420353464480289176e+02
8.424262952709373167e+02
8.428170854179425078e+02
8.432077167115019165e+02
8.435981889743444526e+02
8.439885020294734659e+02
8.443786557001699293e+02
8.447686498099949404e+02
8.451584841827930177e+02
8.455481586426947160e+02
8.459376730141198095e+02
8.463270271217802474e+02
8.467162207906828826e+02
8.471052538461325412e+02
8.474941261137352058e+02
8.478828374194008575e+02
8.482713875893462045e+02
8.486597764500979793e+02
8.490480038284958937e+02
8.494360695516957094e+02
8.498239734471719657e+02
8.502117153427212770e+02
8.505992950664651744e+02
8.509867124468532893e+02
8.513739673126664229e+02
8.517610594930193884e+02
8.521479888173641939e+02
8.525347551154931125e+02
8.529213582175416377e+02
8.533077979539916669e+02
8.536940741556744570e+02
8.540801866537740352e+02
8.544661352798298140e+02
8.548519198657398874e+02
8.552375402437643288e+02
8.556229962465279186e+02
8.560082877070236691e+02
8.563934144586155526e+02
8.567783763350419122e+02
8.571631731704184176e+02
8.575478047992412485e+02
8.579322710563901637e+02
8.583165717771319123e+02
8.587007067971230754e+02
8.590846759524132494e+02
8.594684790794484570e+02
8.598521160150739888e+02
8.602355865965378143e+02
8.606188906614936514e+02
8.610020280480041492e+02
8.613849985945440721e+02
8.617678021400034822e+02
8.621504385236909229e+02
8.625329075853366021e+02
8.629152091650955754e+02
8.632973431035511567e+02
8.636793092417178741e+02
8.640611074210447669e+02
8.644427374834185684e+02
8.648241992711670036e+02
8.652054926270619717e+02
8.655866173943227295e+02
8.659675734166191887e+02
8.663483605380750987e+02
8.667289786032713437e+02
8.671094274572490121e+02
8.674897069455130350e+02
8.678698169140350274e+02
8.682497572092565861e+02
8.686295276780928134e+02
8.690091281679353870e+02
8.693885585266556291e+02
8.697678186026082585e+02
8.701469082446342327e+02
8.705258273020640445e+02
8.709045756247213603e+02
8.712831530629257486e+02
8.716615594674964314e+02
8.720397946897552401e+02
8.724178585815301403e+02
8.727957509951583006e+02
8.731734717834895037e+02
8.735510207998893293e+02
8.739283978982425651e+02
8.743056029329562762e+02
8.746826357589635563e+02
8.750594962317261434e+02
8.754361842072382842e+02
8.758126995420298044e+02
8.761890420931692915e+02
8.765652117182676193e+02
8.769412082754811308e+02
8.773170316235149357e+02
8.776926816216259795e+02
8.780681581296269087e+02
8.784434610078887999e+02
8.788185901173446837e+02
8.791935453194929551e+02
8.795683264764004434e+02
8.799429334507058229e+02
8.803173661056229093e+02
8.806916243049440709e+02
8.810657079130432976e+02
8.814396167948794982e+02
8.818133508160001384e+02
8.821869098425441962e+02
8.825602937412454594e+02
8.829335023794360495e+02
8.833065356250494915e+02
8.836793933466241242e+02
8.840520754133063974e+02
8.844245816948540551e+02
8.847969120616395458e+02
8.851690663846532061e+02
8.855410445355066713e+02
8.859128463864359446e+02
8.862844718103049217e+02
8.866559206806083466e+02
8.870271928714755632e+02
8.873982882576733573e+02
8.877692067146093677e+02
8.881399481183353828e+02
8.885105123455506373e+02
8.888808992736049959e+02
8.892511087805022498e+02
8.896211407449033004e+02
8.899909950461295693e+02
8.903606715641660685e+02
8.907301701796648103e+02
8.910994907739478776e+02
8.914686332290108339e+02
8.918375974275259068e+02
8.922063832528450575e+02
8.925749905890033915e+02
8.929434193207223416e+02
8.933116693334129650e+02
8.936797405131788992e+02
8.940476327468197724e+02
8.944153459218345006e+02
8.947828799264241297e+02
8.951502346494953599e+02
8.955174099806637287e+02
8.958844058102565668e+02
8.962512220293164091e+02
8.966178585296038364e+02
8.969843152036011134e+02
8.973505919445150312e+02
8.977166886462800903e+02
8.980826052035616840e+02
8.984483415117592813e+02
8.988138974670094967e+02
8.991792729661893873e+02
8.995444679069192944e+02
8.999094821875661410e+02
9.002743157072466147e+02
9.006389683658300100e+02
9.010034400639415253e+02
9.013677307029654457e+02
9.017318401850478722e+02
9.020957684131001315e+02
9.024595152908017326e+02
9.028230807226033221e+02
9.031864646137299815e+02
9.035496668701839553e+02
9.039126873987478348e+02
9.042755261069877406e+02
9.046381829032560518e+02
9.050006576966945886e+02
9.053629503972375687e+02
9.057250609156146766e+02
9.060869891633537918e+02
9.064487350527842864e+02
9.068102984970398666e+02
9.071716794100613015e+02
9.075328777065998338e+02
9.078938933022196807e+02
9.082547261133011034e+02
9.086153760570434770e+02
9.089758430514679048e+02
9.093361270154204021e+02
9.096962278685746242e+02
9.100561455314345949e+02
9.104158799253378902e+02
9.107754309724583663e+02
9.111347985958087747e+02
9.114939827192439452e+02
9.118529832674634008e+02
9.122118001660141999e+02
9.125704333412937785e+02
9.129288827205525649e+02
9.132871482318969356e+02
9.136452298042919438e+02
9.140031273675639341e+02
9.143608408524036122e+02
9.147183701903682049e+02
9.150757153138847571e+02
9.154328761562525187e+02
9.157898526516455604e+02
9.161466447351157285e+02
9.165032523425950330e+02
9.168596754108983760e+02
9.172159138777262797e+02
9.175719676816673882e+02
9.179278367622011956e+02
9.182835210597004334e+02
9.186390205154339128e+02
9.189943350715687984e+02
9.193494646711733367e+02
9.197044092582194708e+02
9.200591687775851142e+02
9.204137431750568794e+02
9.207681323973323515e+02
9.211223363920228167e+02
9.214763551076555359e+02
9.218301884936761326e+02
9.221838365004514344e+02
9.225372990792712926e+02
9.228905761823515377e+02
9.232436677628357984e+02
9.235965737747984576e+02
9.239492941732465852e+02
9.243018289141224386e+02
9.246541779543057373e+02
9.250063412516159360e+02
9.253583187648147259e+02
9.257101104536079674e+02
9.260617162786480776e+02
9.264131362015365312e+02
9.267643701848255660e+02
9.271154181920207975e+02
9.274662801875832656e+02
9.278169561369317080e+02
9.281674460064443792e+02
9.285177497634615520e+02
9.288678673762875633e+02
9.292177988141926335e+02
9.295675440474153675e+02
9.299171030471644599e+02
9.302664757856208553e+02
9.306156622359397943e+02
9.309646623722529739e+02
9.313134761696701389e+02
9.316621036042813557e+02
9.320105446531589450e+02
9.323587992943594145e+02
9.327068675069250503e+02
9.330547492708863047e+02
9.334024445672632737e+02
9.337499533780677439e+02
9.340972756863051245e+02
9.344444114759758122e+02
9.347913607320775782e+02
9.351381234406068188e+02
9.354846995885607157e+02
9.358310891639386000e+02
9.361772921557439986e+02
9.365233085539861122e+02
9.368691383496816343e+02
9.372147815348561153e+02
9.375602381025460090e+02
9.379055080467999232e+02
9.382505913626804386e+02
9.385954880462655865e+02
9.389401980946502135e+02
9.392847215059478003e+02
9.396290582792919395e+02
9.399732084148375861e+02
9.403171719137626496e+02
9.406609487782693577e+02
9.410045390115859618e+02
9.413479426179676466e+02
9.416911596026983489e+02
9.420341899720918946e+02
9.423770337334932492e+02
9.427196908952799959e+02
9.430621614668634720e+02
9.434044454586901338e+02
9.437465428822428066e+02
9.440884537500417082e+02
9.444301780756458129e+02
9.447717158736539886e+02
9.451130671597062474e+02
9.454542319504845409e+02
9.457952102637142389e+02
9.461360021181649245e+02
9.464766075336515314e+02
9.468170265310354807e+02
9.471572591322254766e+02
9.474973053601786432e+02
9.478371652389014343e+02
9.481768387934505427e+02
9.485163260499338094e+02
9.488556270355112474e+02
9.491947417783956098e+02
9.495336703078535265e+02
9.498724126542061867e+02
9.502109688488300208e+02
9.505493389241576097e+02
9.508875229136783673e+02
9.512255208519392227e+02
9.515633327745454153e+02
9.519009587181610641e+02
9.522383987205098492e+02
9.525756528203755806e+02
9.529127210576027665e+02
9.532496034730974088e+02
9.535863001088271176e+02
9.539228110078220197e+02
9.542591362141749869e+02
9.545952757730422036e+02
9.549312297306437358e+02
9.552669981342637584e+02
9.556025810322508960e+02
9.559379784740187915e+02
9.562731905100463337e+02
9.566082171918777703e+02
9.569430585721235047e+02
9.572777147044597541e+02
9.576121856436292319e+02
9.579464714454410341e+02
9.582805721667712078e+02
9.586144878655625234e+02
9.589482186008247027e+02
9.592817644326346453e+02
9.596151254221364297e+02
9.599483016315413124e+02
9.602812931241278420e+02
9.606140999642418592e+02
9.609467222172964966e+02
9.612791599497718380e+02
9.616114132292151453e+02
9.619434821242408589e+02
9.622753667045300290e+02
9.626070670408304295e+02
9.629385832049564442e+02
9.632699152697887257e+02
9.636010633092738544e+02
9.639320273984244523e+02
9.642628076133183868e+02
9.645934040310988848e+02
9.649238167299738507e+02
9.652540457892158656e+02
9.655840912891613925e+02
9.659139533112105482e+02
9.662436319378266489e+02
9.665731272525358690e+02
9.669024393399263317e+02
9.672315682856481089e+02
9.675605141764120845e+02
9.678892770999899540e+02
9.682178571452133156e+02
9.685462544019727602e+02
9.688744689612178718e+02
9.692025009149558628e+02
9.695303503562512333e+02
9.698580173792250889e+02
9.701855020790540038e+02
9.705128045519695661e+02
9.708399248952574681e+02
9.711668632072564833e+02
9.714936195873577844e+02
9.718201941360040337e+02
9.721465869546883596e+02
9.724727981459533339e+02
9.727988278133901758e+02
9.731246760616376150e+02
9.734503429963808685e+02
9.737758287243506174e+02
9.741011333533218703e+02
9.744262569921128261e+02
9.747511997505837371e+02
9.750759617396358863e+02
9.754005430712102225e+02
9.757249438582861103e+02
9.760491642148801930e+02
9.763732042560451418e+02
9.766970640978681786e+02
9.770207438574698244e+02
9.773442436530026498e+02
9.776675636036496826e+02
9.779907038296232713e+02
9.783136644521634935e+02
9.786364455935365640e+02
9.789590473770336985e+02
9.792814699269691801e+02
9.796037133686791094e+02
9.799257778285198128e+02
9.802476634338660233e+02
9.805693703131096299e+02
9.808908985956577453e+02
9.812122484119311139e+02
9.815334198933625203e+02
9.818544131723948567e+02
9.821752283824796450e+02
9.824958656580749903e+02
9.828163251346438756e+02
9.831366069486525703e+02
9.834567112375684701e+02
9.837766381398583917e+02
9.840963877949865264e+02
9.844159603434126211e+02
9.847353559265901595e+02
9.850545746869640880e+02
9.853736167679691107e+02
9.856924823140274157e+02
9.860111714705468557e+02
9.863296843839186749e+02
9.866480212015155757e+02
9.869661820716894454e+02
9.872841671437691957e+02
9.876019765680589444e+02
9.879196104958352862e+02
9.882370690793453605e+02
9.885543524718048047e+02
9.888714608273950262e+02
9.891883943012611553e+02
9.895051530495098859e+02
9.898217372292067466e+02
9.901381469983740544e+02
9.904543825159885273e+02
9.907704439419785558e+02
9.910863314372221566e+02
9.914020451635442441e+02
9.917175852837142429e+02
9.920329519614435867e+02
9.923481453613832173e+02
9.926631656491209696e+02
9.929780129911789572e+02
9.932926875550111845e+02
9.936071895090005910e+02
9.939215190224567777e+02
9.942356762656130513e+02
9.945496614096239227e+02
9.948634746265622653e+02
9.951771160894165860e+02
9.954905859720884109e+02
9.958038844493894430e+02
9.961170116970386061e+02
9.964299678916594303e+02
9.967427532107772095e+02
9.970553678328160458e+02
9.973678119370958939e+02
9.976800857038297181e+02
9.979921893141207647e+02
9.983041229499593783e+02
9.986158867942200459e+02
9.989274810306584413e+02
9.992389058439084693e+02
9.995501614194791955e+02
9.998612479437518914e+02
1.000172165603976737e+03
1.000482914588269864e+03
1.000793495085610289e+03
1.001103907285836613e+03
1.001414151379644181e+03
1.001724227558581674e+03
1.002034136015047920e+03
1.002343876942288603e+03
1.002653450534393414e+03
1.002962856986292309e+03
1.003272096493752656e+03
1.003581169253375606e+03
1.003890075462593131e+03
1.004198815319664391e+03
1.004507389023672658e+03
1.004815796774521573e+03
1.005124038772932295e+03
1.005432115220439755e+03
1.005740026319389131e+03
1.006047772272932889e+03
1.006355353285026808e+03
1.006662769560426909e+03
1.006970021304685702e+03
1.007277108724148775e+03
1.007584032025951501e+03
1.007890791418015169e+03
1.008197387109043461e+03
1.008503819308519155e+03
1.008810088226700373e+03
1.009116194074616828e+03
1.009422137064066533e+03
1.009727917407611926e+03
1.010033535318576241e+03
1.010338991011039980e+03
1.010644284699837158e+03
1.010949416600551558e+03
1.011254386929513203e+03
1.011559195903794262e+03
1.011863843741205756e+03
1.012168330660293464e+03
1.012472656880334398e+03
1.012776822621332826e+03
1.013080828104016632e+03
1.013384673549833451e+03
1.013688359180946691e+03
1.013991885220232007e+03
1.014295251891273210e+03
1.014598459418358402e+03
1.014901508026476222e+03
1.015204397941311981e+03
1.015507129389243687e+03
1.015809702597337946e+03
1.016112117793346442e+03
1.016414375205701504e+03
1.016716475063512689e+03
1.017018417596562358e+03
1.017320203035301915e+03
1.017621831610847835e+03
1.017923303554977679e+03
1.018224619100125892e+03
1.018525778479379937e+03
1.018826781926476315e+03
1.019127629675796356e+03
1.019428321962362361e+03
1.019728859021833273e+03
1.020029241090500932e+03
1.020329468405285752e+03
1.020629541203732629e+03
1.020929459724006961e+03
1.021229224204890443e+03
1.021528834885776973e+03
1.021828292006668562e+03
1.022127595808171122e+03
1.022426746531490267e+03
1.022725744418427325e+03
1.023024589711375029e+03
1.023323282653313299e+03
1.023621823487805273e+03
1.023920212458992864e+03
1.024218449811592791e+03
1.024516535790892249e+03
1.024814470642744482e+03
1.025112254613565028e+03
1.025409887950326947e+03
1.025707370900557407e+03
1.026004703712332230e+03
1.026301886634272705e+03
1.026598919915541046e+03
1.026895803805835612e+03
1.027192538555387500e+03
1.027489124414955540e+03
1.027785561635822205e+03
1.028081850469789515e+03
1.028377991169174720e+03
1.028673983986805752e+03
1.028969829176017356e+03
1.029265526990646094e+03
1.029561077685026930e+03
1.029856481513988001e+03
1.030151738732846979e+03
1.030446849597406299e+03
1.030741814363949061e+03
1.031036633289234942e+03
1.031331306630495192e+03
1.031625834645428768e+03
1.031920217592198014e+03
1.032214455729423889e+03
1.032508549316182325e+03
1.032802498611998999e+03
1.033096303876845923e+03
1.033389965371136213e+03
1.033683483355720227e+03
1.033976858091881013e+03
1.034270089841330218e+03
1.034563178866203316e+03
1.034856125429055282e+03
1.035148929792856961e+03
1.035441592220989378e+03
1.035734112977240784e+03
1.036026492325800973e+03
1.036318730531257870e+03
1.036610827858592756e+03
1.036902784573175722e+03
1.037194600940761802e+03
1.037486277227486198e+03
1.037777813699859962e+03
1.038069210624765674e+03
1.038360468269452895e+03
1.038651586901534301e+03
1.038942566788980685e+03
1.039233408200116855e+03
1.039524111403617098e+03
1.039814676668501306e+03
1.040105104264129977e+03
1.040395394460200123e+03
1.040685547526741175e+03
1.040975563734109983e+03
1.041265443352986949e+03
1.041555186654371482e+03
1.041844793909577675e+03
1.042134265390229757e+03
1.042423601368258232e+03
1.042712802115894874e+03
1.043001867905669087e+03
1.043290799010402679e+03
1.043579595703206451e+03
1.043868258257475190e+03
1.044156786946883585e+03
1.044445182045381671e+03
1.044733443827190968e+03
1.045021572566799477e+03
1.045309568538958274e+03
1.045597432018676272e+03
1.045885163281216364e+03
1.046172762602090870e+03
1.046460230257057674e+03
1.046747566522115449e+03
1.047034771673499563e+03
1.047321845987677989e+03
1.047608789741346300e+03
1.047895603211424259e+03
1.048182286675051273e+03
1.048468840409581617e+03
1.048755264692580795e+03
1.049041559801820995e+03
1.049327726015276994e+03
1.049613763611121385e+03
1.049899672867721392e+03
1.050185454063633415e+03
1.050471107477599617e+03
1.050756633388543605e+03
1.051042032075565658e+03
1.051327303817939310e+03
1.051612448895106581e+03
1.051897467586674111e+03
1.052182360172408380e+03
1.052467126932232532e+03
1.052751768146221366e+03
1.053036284094597477e+03
1.053320675057727158e+03
1.053604941316116083e+03
1.053889083150405213e+03
1.054173100841366477e+03
1.054456994669899359e+03
1.054740764917025899e+03
1.055024411863887053e+03
1.055307935791738373e+03
1.055591336981946370e+03
1.055874615715983964e+03
1.056157772275426396e+03
1.056440806941947585e+03
1.056723719997315584e+03
1.057006511723388940e+03
1.057289182402112374e+03
1.057571732315512918e+03
1.057854161745695819e+03
1.058136470974840449e+03
1.058418660285196438e+03
1.058700729959079808e+03
1.058982680278868884e+03
1.059264511526999968e+03
1.059546223985963934e+03
1.059827817938302132e+03
1.060109293666602071e+03
1.060390651453494002e+03
1.060671891581646832e+03
1.060953014333764031e+03
1.061234019992579988e+03
1.061514908840856151e+03
1.061795681161376706e+03
1.062076337236945392e+03
1.062356877350380955e+03
1.062637301784513966e+03
1.062917610822182496e+03
1.063197804746228712e+03
1.063477883839494552e+03
1.063757848384818544e+03
1.064037698665031712e+03
1.064317434962953485e+03
1.064597057561388510e+03
1.064876566743122567e+03
1.065155962790919375e+03
1.065435245987515827e+03
1.065714416615619257e+03
1.065993474957903345e+03
1.066272421297004485e+03
1.066551255915518141e+03
1.066829979095994986e+03
1.067108591120937717e+03
1.067387092272796963e+03
1.067665482833967872e+03
1.067943763086786475e+03
1.068221933313526279e+03
1.068499993796394165e+03
1.068777944817527668e+03
1.069055786658990428e+03
1.069333519602769229e+03
1.069611143930770822e+03
1.069888659924817603e+03
1.070166067866644653e+03
1.070443368037895880e+03
1.070720560720121057e+03
1.070997646194771960e+03
1.071274624743199183e+03
1.071551496646648275e+03
1.071828262186256779e+03
1.072104921643050830e+03
1.072381475297941279e+03
1.072657923431720747e+03
1.072934266325060435e+03
1.073210504258506262e+03
1.073486637512475909e+03
1.073762666367255179e+03
1.074038591102995042e+03
1.074314411999708227e+03
1.074590129337266035e+03
1.074865743395394475e+03
1.075141254453672218e+03
1.075416662791526051e+03
1.075691968688228599e+03
1.075967172422894691e+03
1.076242274274478405e+03
1.076517274521769423e+03
1.076792173443390766e+03
1.077066971317794696e+03
1.077341668423260444e+03
1.077616265037890116e+03
1.077890761439606422e+03
1.078165157906149489e+03
1.078439454715073452e+03
1.078713652143743502e+03
1.078987750469332923e+03
1.079261749968820368e+03
1.079535650918986448e+03
1.079809453596410776e+03
1.080083158277469010e+03
1.080356765238330127e+03
1.080630274754953234e+03
1.080903687103084621e+03
1.081177002558255253e+03
1.081450221395777362e+03
1.081723343890741717e+03
1.081996370318015124e+03
1.082269300952236790e+03
1.082542136067816500e+03
1.082814875938930982e+03
1.083087520839521176e+03
1.083360071043290191e+03
1.083632526823699664e+03
1.083904888453967260e+03
1.084177156207064172e+03
1.084449330355712164e+03
1.084721411172381067e+03
1.084993398929285831e+03
1.085265293898384016e+03
1.085537096351373066e+03
1.085808806559687810e+03
1.086080424794497503e+03
1.086351951326703329e+03
1.086623386426936349e+03
1.086894730365553869e+03
1.087165983412638070e+03
1.087437145837992375e+03
1.087708217911139400e+03
1.087979199901318680e+03
1.088250092077483941e+03
1.088520894708300375e+03
1.088791608062142359e+03
1.089062232407091187e+03
1.089332768010932341e+03
1.089603215141153214e+03
1.089873574064940613e+03
1.090143845049178708e+03
1.090414028360446082e+03
1.090684124265013679e+03
1.090954133028842534e+03
1.091224054917581270e+03
1.091493890196564053e+03
1.091763639130808087e+03
1.092033301985011349e+03
1.092302879023550076e+03
1.092572370510477185e+03
1.092841776709519536e+03
1.093111097884075662e+03
1.093380334297213722e+03
1.093649486211669455e+03
1.093918553889843906e+03
1.094187537593801380e+03
1.094456437585266713e+03
1.094725254125623906e+03
1.094993987475913855e+03
1.095262637896831848e+03
1.095531205648725972e+03
1.095799690991594616e+03
1.096068094185085101e+03
1.096336415488490957e+03
1.096604655160750099e+03
1.096872813460443012e+03
1.097140890645790705e+03
1.097408886974652660e+03
1.097676802704525016e+03
1.097944638092538526e+03
1.098212393395456729e+03
1.098480068869673914e+03
1.098747664771213522e+03
1.099015181355725872e+03
1.099282618878486574e+03
1.099549977594394477e+03
1.099817257757970310e+03
1.100084459623354405e+03
1.100351583444305334e+03
1.100618629474197405e+03
1.100885597966019532e+03
1.101152489172373635e+03
1.101419303345472144e+03
1.101686040737137091e+03
1.101952701598798058e+03
1.102219286181490133e+03
1.102485794735853005e+03
1.102752227512128911e+03
1.103018584760160820e+03
1.103284866729390842e+03
1.103551073668859090e+03
1.103817205827201860e+03
1.104083263452649589e+03
1.104349246793025941e+03
1.104615156095745760e+03
1.104880991607814167e+03
1.105146753575824505e+03
1.105412442245956754e+03
1.105678057863976392e+03
1.105943600675232801e+03
1.106209070924658135e+03
1.106474468856765043e+03
1.106739794715646212e+03
1.107005048744972100e+03
1.107270231187990248e+03
1.107535342287523463e+03
1.107800382285968681e+03
1.108065351425295603e+03
1.108330249947044877e+03
1.108595078092327412e+03
1.108859836101823021e+03
1.109124524215778592e+03
1.109389142674007189e+03
1.109653691715886907e+03
1.109918171580359513e+03
1.110182582505928849e+03
1.110446924730660157e+03
1.110711198492178482e+03
1.110975404027667764e+03
1.111239541573869474e+03
1.111503611367081476e+03
1.111767613643156665e+03
1.112031548637502510e+03
1.112295416585079010e+03
1.112559217720398465e+03
1.112822952277523655e+03
1.113086620490067162e+03
1.113350222591190459e+03
1.113613758813602090e+03
1.113877229389557442e+03
1.114140634550857385e+03
1.114403974528847357e+03
1.114667249554416230e+03
1.114930459857995629e+03
1.115193605669558110e+03
1.115456687218617390e+03
1.115719704734226752e+03
1.115982658444978142e+03
1.116245548579001024e+03
1.116508375363961932e+03
1.116771139027063555e+03
1.117033839795043605e+03
1.117296477894174132e+03
1.117559053550260160e+03
1.117821566988639688e+03
1.118084018434182326e+03
1.118346408111288838e+03
1.118608736243889552e+03
1.118871003055444589e+03
1.119133208768942495e+03
1.119395353606899562e+03
1.119657437791359143e+03
1.119919461543890748e+03
1.120181425085589808e+03
1.120443328637076547e+03
1.120705172418495067e+03
1.120966956649513349e+03
1.121228681549321664e+03
1.121490347336633022e+03
1.121751954229681587e+03
1.122013502446222446e+03
1.122274992203530928e+03
1.122536423718401920e+03
1.122797797207149415e+03
1.123059112885606055e+03
1.123320370969121768e+03
1.123581571672564451e+03
1.123842715210318147e+03
1.124103801796283506e+03
1.124364831643876869e+03
1.124625804966029364e+03
1.124886721975186902e+03
1.125147582883309724e+03
1.125408387901871720e+03
1.125669137241859744e+03
1.125929831113773844e+03
1.126190469727625896e+03
1.126451053292939832e+03
1.126711582018750960e+03
1.126972056113605504e+03
1.127232475785560609e+03
1.127492841242183658e+03
1.127753152690551588e+03
1.128013410337250889e+03
1.128273614388377155e+03
1.128533765049534850e+03
1.128793862525837085e+03
1.129053907021904479e+03
1.129313898741866069e+03
1.129573837889357947e+03
1.129833724667523711e+03
1.130093559279013789e+03
1.130353341925984978e+03
1.130613072810100903e+03
1.130872752132531105e+03
1.131132380093950815e+03
1.131391956894541408e+03
1.131651482733989269e+03
1.131910957811486242e+03
1.132170382325728951e+03
1.132429756474919259e+03
1.132689080456763577e+03
1.132948354468472417e+03
1.133207578706761296e+03
1.133466753367849378e+03
1.133725878647460149e+03
1.133984954740820740e+03
1.134243981842662379e+03
1.134502960147219937e+03
1.134761889848231931e+03
1.135020771138940063e+03
1.135279604212089907e+03
1.135538389259930000e+03
1.135797126474212519e+03
1.136055816046192376e+03
1.136314458166628128e+03
1.136573053025781519e+03
1.136831600813417026e+03
1.137090101718802543e+03
1.137348555930709153e+03
1.137606963637410672e+03
1.137865325026684559e+03
1.138123640285811007e+03
1.138381909601573398e+03
1.138640133160258756e+03
1.138898311147656841e+03
1.139156443749061282e+03
1.139414531149268441e+03
1.139672573532578781e+03
1.139930571082795950e+03
1.140188523983227242e+03
1.140446432416683820e+03
1.140704296565480490e+03
1.140962116611436159e+03
1.141219892735873827e+03
1.141477625119620825e+03
1.141735313943008578e+03
1.141992959385873064e+03
1.142250561627555044e+03
1.142508120846900056e+03
1.142765637222258647e+03
1.143023110931486599e+03
1.143280542151945156e+03
1.143537931060500796e+03
1.143795277833525915e+03
1.144052582646899054e+03
1.144309845676004670e+03
1.144567067095734046e+03
1.144824247080484838e+03
1.145081385804161755e+03
1.145338483440176560e+03
1.145595540161448525e+03
1.145852556140404658e+03
1.146109531548979930e+03
1.146366466558617276e+03
1.146623361340268730e+03
1.146880216064394517e+03
1.147137030900964191e+03
1.147393806019457088e+03
1.147650541588861870e+03
1.147907237777677665e+03
1.148163894753913610e+03
1.148420512685089761e+03
1.148677091738237323e+03
1.148933632079898871e+03
1.149190133876128584e+03
1.149446597292493152e+03
1.149703022494071774e+03
1.149959409645456390e+03
1.150215758910752129e+03
1.150472070453577999e+03
1.150728344437066880e+03
1.150984581023866440e+03
1.151240780376139128e+03
1.151496942655562634e+03
1.151753068023330343e+03
1.152009156640151787e+03
1.152265208666253329e+03
1.152521224261377938e+03
1.152777203584786548e+03
1.153033146795257608e+03
1.153289054051088215e+03
1.153544925510094117e+03
1.153800761329610623e+03
