2.999738066714578721e+01
2.999476533640608977e+01
2.999215399479123079e+01
2.998954662933978810e+01
2.998694322711850191e+01
2.998434377522218242e+01
2.998174826077362098e+01
2.997915667092350844e+01
2.997656899285033205e+01
2.997398521376030089e+01
2.997140532088724285e+01
2.996882930149252999e+01
2.996625714286498265e+01
2.996368883232077707e+01
2.996112435720337075e+01
2.995856370488340659e+01
2.995600686275862401e+01
2.995345381825377373e+01
2.995090455882053604e+01
2.994835907193742486e+01
2.994581734510971671e+01
2.994327936586934413e+01
2.994074512177483172e+01
2.993821460041118954e+01
2.993568778938984920e+01
2.993316467634856082e+01
2.993064524895131839e+01
2.992812949488827101e+01
2.992561740187564112e+01
2.992310895765564283e+01
2.992060414999639306e+01
2.991810296669182634e+01
2.991560539556162013e+01
2.991311142445110605e+01
2.991062104123118814e+01
2.990813423379826119e+01
2.990565099007412186e+01
2.990317129800590124e+01
2.990069514556596530e+01
2.989822252075184750e+01
2.989575341158615984e+01
2.989328780611651482e+01
2.989082569241544363e+01
2.988836705858031095e+01
2.988591189273324744e+01
2.988346018302105023e+01
2.988101191761512254e+01
2.987856708471138134e+01
2.987612567253017914e+01
2.987368766931623298e+01
2.987125306333853203e+01
2.986882184289027009e+01
2.986639399628876035e+01
2.986396951187536075e+01
2.986154837801539585e+01
2.985913058309807155e+01
2.985671611553640759e+01
2.985430496376715581e+01
2.985189711625071851e+01
2.984949256147107732e+01
2.984709128793571509e+01
2.984469328417553413e+01
2.984229853874478522e+01
2.983990704022098939e+01
2.983751877720486334e+01
2.983513373832024129e+01
2.983275191221400036e+01
2.983037328755598239e+01
2.982799785303892648e+01
2.982562559737838370e+01
2.982325650931264605e+01
2.982089057760267892e+01
2.981852779103203588e+01
2.981616813840678759e+01
2.981381160855545431e+01
2.981145819032892419e+01
2.980910787260038219e+01
2.980676064426523553e+01
2.980441649424104611e+01
2.980207541146744532e+01
2.979973738490607715e+01
2.979740240354051295e+01
2.979507045637618390e+01
2.979274153244030643e+01
2.979041562078181471e+01
2.978809271047128249e+01
2.978577279060085559e+01
2.978345585028418441e+01
2.978114187865633866e+01
2.977883086487375408e+01
2.977652279811414715e+01
2.977421766757645116e+01
2.977191546248074161e+01
2.976961617206817579e+01
2.976731978560090752e+01
2.976502629236203035e+01
2.976273568165549577e+01
2.976044794280605998e+01
2.975816306515919507e+01
2.975588103808103213e+01
2.975360185095829380e+01
2.975132549319821607e+01
2.974905195422848436e+01
2.974678122349716602e+01
2.974451329047263926e+01
2.974224814464352917e+01
2.973998577551863320e+01
2.973772617262686069e+01
2.973546932551716182e+01
2.973321522375845660e+01
2.973096385693957444e+01
2.972871521466918310e+01
2.972646928657571763e+01
2.972422606230732356e+01
2.972198553153177869e+01
2.971974768393643984e+01
2.971751250922816467e+01
2.971527999713325130e+01
2.971305013739737078e+01
2.971082291978550316e+01
2.970859833408187001e+01
2.970637637008986687e+01
2.970415701763200644e+01
2.970194026654984398e+01
2.969972610670391333e+01
2.969751452797367364e+01
2.969530552025742409e+01
2.969309907347226130e+01
2.969089517755400109e+01
2.968869382245711819e+01
2.968649499815468218e+01
2.968429869463829363e+01
2.968210490191802009e+01
2.967991361002233930e+01
2.967772480899806098e+01
2.967553848891027712e+01
2.967335463984229449e+01
2.967117325189557420e+01
2.966899431518965713e+01
2.966681781986212130e+01
2.966464375606850012e+01
2.966247211398223271e+01
2.966030288379459989e+01
2.965813605571466027e+01
2.965597161996918274e+01
2.965380956680259672e+01
2.965164988647692113e+01
2.964949256927171106e+01
2.964733760548398322e+01
2.964518498542817326e+01
2.964303469943606117e+01
2.964088673785671446e+01
2.963874109105642773e+01
2.963659774941866232e+01
2.963445670334398585e+01
2.963231794325001545e+01
2.963018145957135374e+01
2.962804724275952495e+01
2.962591528328292512e+01
2.962378557162675818e+01
2.962165809829297203e+01
2.961953285380020517e+01
2.961740982868372640e+01
2.961528901349537080e+01
2.961317039880349355e+01
2.961105397519289184e+01
2.960893973326476569e+01
2.960682766363664697e+01
2.960471775694234609e+01
2.960261000383189156e+01
2.960050439497147323e+01
2.959840092104338893e+01
2.959629957274597700e+01
2.959420034079356654e+01
2.959210321591641701e+01
2.959000818886066142e+01
2.958791525038824588e+01
2.958582439127687991e+01
2.958373560231997246e+01
2.958164887432657508e+01
2.957956419812133575e+01
2.957748156454442778e+01
2.957540096445150368e+01
2.957332238871363117e+01
2.957124582821724701e+01
2.956917127386408950e+01
2.956709871657115229e+01
2.956502814727062045e+01
2.956295955690982424e+01
2.956089293645117522e+01
2.955882827687211289e+01
2.955676556916505149e+01
2.955470480433732305e+01
2.955264597341112420e+01
2.955058906742346281e+01
2.954853407742609406e+01
2.954648099448547782e+01
2.954442980968271826e+01
2.954238051411350696e+01
2.954033309888807679e+01
2.953828755513113435e+01
2.953624387398182094e+01
2.953420204659364856e+01
2.953216206413445377e+01
2.953012391778633372e+01
2.952808759874560351e+01
2.952605309822273227e+01
2.952402040744230050e+01
2.952198951764293966e+01
2.951996042007728249e+01
2.951793310601190612e+01
2.951590756672728588e+01
2.951388379351773494e+01
2.951186177769135810e+01
2.950984151056999139e+01
2.950782298348915944e+01
2.950580618779801867e+01
2.950379111485930395e+01
2.950177775604927888e+01
2.949976610275767896e+01
2.949775614638766541e+01
2.949574787835577183e+01
2.949374129009185452e+01
2.949173637303903206e+01
2.948973311865364977e+01
2.948773151840521223e+01
2.948573156377634064e+01
2.948373324626271952e+01
2.948173655737305054e+01
2.947974148862899568e+01
2.947774803156512746e+01
2.947575617772887924e+01
2.947376591868049545e+01
2.947177724599298188e+01
2.946979015125205237e+01
2.946780462605608264e+01
2.946582066201605343e+01
2.946383825075551144e+01
2.946185738391050535e+01
2.945987805312955032e+01
2.945790025007356761e+01
2.945592396641584187e+01
2.945394919384196797e+01
2.945197592404980114e+01
2.945000414874941086e+01
2.944803385966302756e+01
2.944606504852499995e+01
2.944409770708173824e+01
2.944213182709167143e+01
2.944016740032519408e+01
2.943820441856462367e+01
2.943624287360414371e+01
2.943428275724976118e+01
2.943232406131925671e+01
2.943036677764213849e+01
2.942841089805958887e+01
2.942645641442442184e+01
2.942450331860102963e+01
2.942255160246534018e+01
2.942060125790476377e+01
2.941865227681815043e+01
2.941670465111574373e+01
2.941475837271912397e+01
2.941281343356116906e+01
2.941086982558600127e+01
2.940892754074895166e+01
2.940698657101649971e+01
2.940504690836623070e+01
2.940310854478678948e+01
2.940117147227783434e+01
2.939923568284998723e+01
2.939730116852479469e+01
2.939536792133467102e+01
2.939343593332285920e+01
2.939150519654337756e+01
2.938957570306098077e+01
2.938764744495111358e+01
2.938572041429985759e+01
2.938379460320388858e+01
2.938187000377043390e+01
2.937994660811722270e+01
2.937802440837243978e+01
2.937610339667468295e+01
2.937418356517291684e+01
2.937226490602642315e+01
2.937034741140476513e+01
2.936843107348772719e+01
2.936651588446527938e+01
2.936460183653753475e+01
2.936268892191469959e+01
2.936077713281702373e+01
2.935886646147476853e+01
2.935695690012814651e+01
2.935504844102728939e+01
2.935314107643219828e+01
2.935123479861269402e+01
2.934932959984838519e+01
2.934742547242861122e+01
2.934552240865239980e+01
2.934362040082843492e+01
2.934171944127499643e+01
2.933981952231992096e+01
2.933792063630056646e+01
2.933602277556375881e+01
2.933412593246574929e+01
2.933223009937217185e+01
2.933033526865800056e+01
2.932844143270750692e+01
2.932654858391420660e+01
2.932465671468083457e+01
2.932276581741928112e+01
2.932087588455056348e+01
2.931898690850477607e+01
2.931709888172104428e+01
2.931521179664748900e+01
2.931332564574118038e+01
2.931144042146809170e+01
2.930955611630306024e+01
2.930767272272974466e+01
2.930579023324057886e+01
2.930390864033672926e+01
2.930202793652805582e+01
2.930014811433306576e+01
2.929826916627887812e+01
2.929639108490117039e+01
2.929451386274414659e+01
2.929263749236048753e+01
2.929076196631130813e+01
2.928888727716612550e+01
2.928701341750280562e+01
2.928514037990752783e+01
2.928326815697473862e+01
2.928139674130711256e+01
2.927952612551550970e+01
2.927765630221893289e+01
2.927578726404448872e+01
2.927391900362734134e+01
2.927205151361067692e+01
2.927018478664566103e+01
2.926831881539138891e+01
2.926645359251485701e+01
2.926458911069090973e+01
2.926272536260220747e+01
2.926086234093918392e+01
2.925900003839999641e+01
2.925713844769049743e+01
2.925527756152418135e+01
2.925341737262215602e+01
2.925155787371309302e+01
2.924969905753319210e+01
2.924784091682613152e+01
2.924598344434304309e+01
2.924412663284245539e+01
2.924227047509026178e+01
2.924041496385968131e+01
2.923856009193121253e+01
2.923670585209259798e+01
2.923485223713878156e+01
2.923299923987186943e+01
2.923114685310108740e+01
2.922929506964274537e+01
2.922744388232019475e+01
2.922559328396378575e+01
2.922374326741083550e+01
2.922189382550557823e+01
2.922004495109913336e+01
2.921819663704945924e+01
2.921634887622131771e+01
2.921450166148623850e+01
2.921265498572246955e+01
2.921080884181494497e+01
2.920896322265524248e+01
2.920711812114154782e+01
2.920527353017860861e+01
2.920342944267770235e+01
2.920158585155659381e+01
2.919974274973949591e+01
2.919790013015703067e+01
2.919605798574619016e+01
2.919421630945029733e+01
2.919237509421896704e+01
2.919053433300806688e+01
2.918869401877968173e+01
2.918685414450207105e+01
2.918501470314963342e+01
2.918317568770286385e+01
2.918133709114831476e+01
2.917949890647856392e+01
2.917766112669216838e+01
2.917582374479363239e+01
2.917398675379336481e+01
2.917215014670764361e+01
2.917031391655857675e+01
2.916847805637405955e+01
2.916664255918773918e+01
2.916480741803898269e+01
2.916297262597283080e+01
2.916113817603996594e+01
2.915930406129666608e+01
2.915747027480477627e+01
2.915563680963166249e+01
2.915380365885017611e+01
2.915197081553862546e+01
2.915013827278072256e+01
2.914830602366555823e+01
2.914647406128755591e+01
2.914464237874643615e+01
2.914281096914718461e+01
2.914097982560000588e+01
2.913914894122029153e+01
2.913731830912858456e+01
2.913548792245053676e+01
2.913365777431686965e+01
2.913182785786334605e+01
2.912999816623072746e+01
2.912816869256473851e+01
2.912633943001602077e+01
2.912451037174011503e+01
2.912268151089740087e+01
2.912085284065308244e+01
2.911902435417713164e+01
2.911719604464426325e+01
2.911536790523389584e+01
2.911353992913011268e+01
2.911171210952162625e+01
2.910988443960174266e+01
2.910805691256832262e+01
2.910622952162374588e+01
2.910440225997487218e+01
2.910257512083301279e+01
2.910074809741388080e+01
2.909892118293756980e+01
2.909709437062850057e+01
2.909526765371540336e+01
2.909344102543126453e+01
2.909161447901330178e+01
2.908978800770291784e+01
2.908796160474567571e+01
2.908613526339125599e+01
2.908430897689342132e+01
2.908248273850997734e+01
2.908065654150274071e+01
2.907883037913750357e+01
2.907700424468399447e+01
2.907517813141584284e+01
2.907335203261054701e+01
2.907152594154943159e+01
2.906969985151761549e+01
2.906787375580397637e+01
2.906604764770111515e+01
2.906422152050532048e+01
2.906239536751652963e+01
2.906056918203829653e+01
2.905874295737775270e+01
2.905691668684557172e+01
2.905509036375594079e+01
2.905326398142651811e+01
2.905143753317839739e+01
2.904961101233607224e+01
2.904778441222740781e+01
2.904595772618359817e+01
2.904413094753913072e+01
2.904230406963175426e+01
2.904047708580243992e+01
2.903864998939535624e+01
2.903682277375781950e+01
2.903499543224026525e+01
2.903316795819621277e+01
2.903134034498223315e+01
2.902951258595791018e+01
2.902768467448580836e+01
2.902585660393143030e+01
2.902402836766318828e+01
2.902219995905237226e+01
2.902037137147310730e+01
2.901854259830232508e+01
2.901671363291972483e+01
2.901488446870773785e+01
2.901305509905149549e+01
2.901122551733879718e+01
2.900939571696006425e+01
2.900756569130832219e+01
2.900573543377915087e+01
2.900390493777065615e+01
2.900207419668343434e+01
2.900024320392054022e+01
2.899841195288745155e+01
2.899658043699202992e+01
2.899474864964448884e+01
2.899291658425736173e+01
2.899108423424546999e+01
2.898925159302587318e+01
2.898741865401785844e+01
2.898558541064288363e+01
2.898375185632455597e+01
2.898191798448859657e+01
2.898008378856280132e+01
2.897824926197701245e+01
2.897641439816307596e+01
2.897457919055481668e+01
2.897274363258799568e+01
2.897090771770028539e+01
2.896907143933123052e+01
2.896723479092220899e+01
2.896539776591640702e+01
2.896356035775878013e+01
2.896172255989601751e+01
2.895988436577651015e+01
2.895804576885032233e+01
2.895620676256914550e+01
2.895436734038627691e+01
2.895252749575657347e+01
2.895068722213643042e+01
2.894884651298373868e+01
2.894700536175785288e+01
2.894516376191956297e+01
2.894332170693104800e+01
2.894147919025585480e+01
2.893963620535886250e+01
2.893779274570623983e+01
2.893594880476542386e+01
2.893410437600507379e+01
2.893225945289504608e+01
2.893041402890636249e+01
2.892856809751116387e+01
2.892672165218268887e+01
2.892487468639523840e+01
2.892302719362414010e+01
2.892117916734571281e+01
2.891933060103723463e+01
2.891748148817691089e+01
2.891563182224383866e+01
2.891378159671797832e+01
2.891193080508011093e+01
2.891007944081181336e+01
2.890822749739541919e+01
2.890637496831399389e+01
2.890452184705128857e+01
2.890266812709171518e+01
2.890081380192031091e+01
2.889895886502270983e+01
2.889710330988510023e+01
2.889524712999420331e+01
2.889339031883722342e+01
2.889153286990183389e+01
2.888967477667612727e+01
2.888781603264859754e+01
2.888595663130809044e+01
2.888409656614378562e+01
2.888223583064515054e+01
2.888037441830191909e+01
2.887851232260405254e+01
2.887664953704170401e+01
2.887478605510519003e+01
2.887292187028495505e+01
2.887105697607153942e+01
2.886919136595554747e+01
2.886732503342761191e+01
2.886545797197836549e+01
2.886359017509840186e+01
2.886172163627824361e+01
2.885985234900831742e+01
2.885798230677891141e+01
2.885611150308014672e+01
2.885423993140194554e+01
2.885236758523399203e+01
2.885049445806571100e+01
2.884862054338622528e+01
2.884674583468432374e+01
2.884487032544843288e+01
2.884299400916658485e+01
2.884111687932637480e+01
2.883923892941494316e+01
2.883736015291892940e+01
2.883548054332444721e+01
2.883360009411704894e+01
2.883171879878169719e+01
2.882983665080272218e+01
2.882795364366379687e+01
2.882606977084790856e+01
2.882418502583731268e+01
2.882229940211351149e+01
2.882041289315722210e+01
2.881852549244833384e+01
2.881663719346588692e+01
2.881474798968802986e+01
2.881285787459199454e+01
2.881096684165406074e+01
2.880907488434952413e+01
2.880718199615266073e+01
2.880528817053670210e+01
2.880339340097379619e+01
2.880149768093497542e+01
2.879960100389012467e+01
2.879770336330795288e+01
2.879580475265595751e+01
2.879390516540038902e+01
2.879200459500622244e+01
2.879010303493712186e+01
2.878820047865541909e+01
2.878629691962206039e+01
2.878439235129659579e+01
2.878248676713713294e+01
2.878058016060030866e+01
2.877867252514126051e+01
2.877676385421358773e+01
2.877485414126931929e+01
2.877294337975889249e+01
2.877103156313110688e+01
2.876911868483309931e+01
2.876720473831030844e+01
2.876528971700644632e+01
2.876337361436346640e+01
2.876145642382152090e+01
2.875953813881894661e+01
2.875761875279221513e+01
2.875569825917591160e+01
2.875377665140269912e+01
2.875185392290328323e+01
2.874993006710639065e+01
2.874800507743872302e+01
2.874607894732493207e+01
2.874415167018758765e+01
2.874222323944714574e+01
2.874029364852191648e+01
2.873836289082802864e+01
2.873643095977939765e+01
2.873449784878769719e+01
2.873256355126233075e+01
2.873062806061038543e+01
2.872869137023661423e+01
2.872675347354340047e+01
2.872481436393071519e+01
2.872287403479610290e+01
2.872093247953463546e+01
2.871898969153888714e+01
2.871704566419889559e+01
2.871510039090214050e+01
2.871315386503350453e+01
2.871120607997524132e+01
2.870925702910694000e+01
2.870730670580550736e+01
2.870535510344511820e+01
2.870340221539719749e+01
2.870144803503037423e+01
2.869949255571046720e+01
2.869753577080043883e+01
2.869557767366036671e+01
2.869361825764741525e+01
2.869165751611580006e+01
2.868969544241675607e+01
2.868773202989850901e+01
2.868576727190623998e+01
2.868380116178205697e+01
2.868183369286495932e+01
2.867986485849080935e+01
2.867789465199229326e+01
2.867592306669889979e+01
2.867395009593687760e+01
2.867197573302921398e+01
2.866999997129559929e+01
2.866802280405238790e+01
2.866604422461257329e+01
2.866406422628575612e+01
2.866208280237811223e+01
2.866009994619236068e+01
2.865811565102772818e+01
2.865612991017992073e+01
2.865414271694109161e+01
2.865215406459981295e+01
2.865016394644103315e+01
2.864817235574605547e+01
2.864617928579250261e+01
2.864418472985428821e+01
2.864218868120157779e+01
2.864019113310076392e+01
2.863819207881442708e+01
2.863619151160131437e+01
2.863418942471629691e+01
2.863218581141034846e+01
2.863018066493050284e+01
2.862817397851983259e+01
2.862616574541740633e+01
2.862415595885827102e+01
2.862214461207340221e+01
2.862013169828968984e+01
2.861811721072989556e+01
2.861610114261262439e+01
2.861408348715229266e+01
2.861206423755909611e+01
2.861004338703898497e+01
2.860802092879361425e+01
2.860599685602033659e+01
2.860397116191214550e+01
2.860194383965766463e+01
2.859991488244110514e+01
2.859788428344223377e+01
2.859585203583634438e+01
2.859381813279422602e+01
2.859178256748213087e+01
2.858974533306173882e+01
2.858770642269013607e+01
2.858566582951977253e+01
2.858362354669843697e+01
2.858157956736921790e+01
2.857953388467048228e+01
2.857748649173583289e+01
2.857543738169408698e+01
2.857338654766923725e+01
2.857133398278042691e+01
2.856927968014190711e+01
2.856722363286301558e+01
2.856516583404814469e+01
2.856310627679670233e+01
2.856104495420308353e+01
2.855898185935664557e+01
2.855691698534166534e+01
2.855485032523731803e+01
2.855278187211763807e+01
2.855071161905149069e+01
2.854863955910253992e+01
2.854656568532921668e+01
2.854448999078469029e+01
2.854241246851682945e+01
2.854033311156817732e+01
2.853825191297591601e+01
2.853616886577184175e+01
2.853408396298232574e+01
2.853199719762828579e+01
2.852990856272515074e+01
2.852781805128283921e+01
2.852572565630571688e+01
2.852363137079256816e+01
2.852153518773657126e+01
2.851943710012525912e+01
2.851733710094048746e+01
2.851523518315840988e+01
2.851313133974943881e+01
2.851102556367822061e+01
2.850891784790360006e+01
2.850680818537859196e+01
2.850469656905034199e+01
2.850258299186010547e+01
2.850046744674321175e+01
2.849834992662902877e+01
2.849623042444093457e+01
2.849410893309629245e+01
2.849198544550640477e+01
2.848985995457649523e+01
2.848773245320567327e+01
2.848560293428689860e+01
2.848347139070695633e+01
2.848133781534641784e+01
2.847920220107961242e+01
2.847706454077460236e+01
2.847492482729314034e+01
2.847278305349064809e+01
2.847063921221618088e+01
2.846849329631239200e+01
2.846634529861550433e+01
2.846419521195528546e+01
2.846204302915500861e+01
2.845988874303142069e+01
2.845773234639471383e+01
2.845557383204849700e+01
2.845341319278975689e+01
2.845125042140883664e+01
2.844908551068939317e+01
2.844691845340837233e+01
2.844474924233598045e+01
2.844257787023564887e+01
2.844040432986399836e+01
2.843822861397081780e+01
2.843605071529902162e+01
2.843387062658462838e+01
2.843168834055672889e+01
2.842950384993744350e+01
2.842731714744190441e+01
2.842512822577821652e+01
2.842293707764743260e+01
2.842074369574351067e+01
2.841854807275329620e+01
2.841635020135647949e+01
2.841415007422557437e+01
2.841194768402587911e+01
2.840974302341545155e+01
2.840753608504507000e+01
2.840532686155821196e+01
2.840311534559101148e+01
2.840090152977223781e+01
2.839868540672325992e+01
2.839646696905801448e+01
2.839424620938298105e+01
2.839202312029713937e+01
2.838979769439194811e+01
2.838756992425130932e+01
2.838533980245153998e+01
2.838310732156134009e+01
2.838087247414175707e+01
2.837863525274616094e+01
2.837639564992021235e+01
2.837415365820182345e+01
2.837190927012114017e+01
2.836966247820050313e+01
2.836741327495441567e+01
2.836516165288951186e+01
2.836290760450453519e+01
2.836065112229029594e+01
2.835839219872964634e+01
2.835613082629744852e+01
2.835386699746054617e+01
2.835160070467772186e+01
2.834933194039968640e+01
2.834706069706902909e+01
2.834478696712019286e+01
2.834251074297944939e+01
2.834023201706486361e+01
2.833795078178625815e+01
2.833566702954518846e+01
2.833338075273491441e+01
2.833109194374035766e+01
2.832880059493808744e+01
2.832650669869627436e+01
2.832421024737466908e+01
2.832191123332456684e+01
2.831960964888878252e+01
2.831730548640160805e+01
2.831499873818879820e+01
2.831268939656752437e+01
2.831037745384635329e+01
2.830806290232521150e+01
2.830574573429536045e+01
2.830342594203935747e+01
2.830110351783103440e+01
2.829877845393545499e+01
2.829645074260890070e+01
2.829412037609882447e+01
2.829178734664382944e+01
2.828945164647363697e+01
2.828711326780905111e+01
2.828477220286193017e+01
2.828242844383516186e+01
2.828008198292262421e+01
2.827773281230916425e+01
2.827538092417056248e+01
2.827302631067349736e+01
2.827066896397552398e+01
2.826830887622503852e+01
2.826594603956124985e+01
2.826358044611414755e+01
2.826121208800447704e+01
2.825884095734369694e+01
2.825646704623396133e+01
2.825409034676808417e+01
2.825171085102951096e+01
2.824932855109228313e+01
2.824694343902101323e+01
2.824455550687085292e+01
2.824216474668746812e+01
2.823977115050699638e+01
2.823737471035602908e+01
2.823497541825157597e+01
2.823257326620103314e+01
2.823016824620215814e+01
2.822776035024303454e+01
2.822534957030204694e+01
2.822293589834784910e+01
2.822051932633933191e+01
2.821809984622559497e+01
2.821567744994591820e+01
2.821325212942972982e+01
2.821082387659657442e+01
2.820839268335609162e+01
2.820595854160797700e+01
2.820352144324195720e+01
2.820108138013775445e+01
2.819863834416506876e+01
2.819619232718353885e+01
2.819374332104271019e+01
2.819129131758201368e+01
2.818883630863073009e+01
2.818637828600796524e+01
2.818391724152261446e+01
2.818145316697333413e+01
2.817898605414852042e+01
2.817651589482627017e+01
2.817404268077435958e+01
2.817156640375020160e+01
2.816908705550083170e+01
2.816660462776287233e+01
2.816411911226250098e+01
2.816163050071542528e+01
2.815913878482685462e+01
2.815664395629146100e+01
2.815414600679336132e+01
2.815164492800608542e+01
2.814914071159254405e+01
2.814663334920500404e+01
2.814412283248505631e+01
2.814160915306358390e+01
2.813909230256073712e+01
2.813657227258590865e+01
2.813404905473769801e+01
2.813152264060388674e+01
2.812899302176140282e+01
2.812646018977630291e+01
2.812392413620373333e+01
2.812138485258790865e+01
2.811884233046207626e+01
2.811629656134849853e+01
2.811374753675841376e+01
2.811119524819201132e+01
2.810863968713840677e+01
2.810608084507560633e+01
2.810351871347048203e+01
2.810095328377875035e+01
2.809838454744492964e+01
2.809581249590232588e+01
2.809323712057299360e+01
2.809065841286771814e+01
2.808807636418597653e+01
2.808549096591591621e+01
2.808290220943432658e+01
2.808031008610661416e+01
2.807771458728676706e+01
2.807511570431733006e+01
2.807251342852937981e+01
2.806990775124249637e+01
2.806729866376473126e+01
2.806468615739258610e+01
2.806207022341098067e+01
2.805945085309322451e+01
2.805682803770099554e+01
2.805420176848430813e+01
2.805157203668148469e+01
2.804893883351912720e+01
2.804630215021209949e+01
2.804366197796349169e+01
2.804101830796459183e+01
2.803837113139486448e+01
2.803572043942191883e+01
2.803306622320148733e+01
2.803040847387739376e+01
2.802774718258152831e+01
2.802508234043382274e+01
2.802241393854221840e+01
2.801974196800264494e+01
2.801706641989899182e+01
2.801438728530308353e+01
2.801170455527464753e+01
2.800901822086129300e+01
2.800632827309848594e+01
2.800363470300951718e+01
2.800093750160548112e+01
2.799823665988524724e+01
2.799553216883543527e+01
2.799282401943038678e+01
2.799011220263214383e+01
2.798739670939041702e+01
2.798467753064256769e+01
2.798195465731357601e+01
2.797922808031601605e+01
2.797649779055003094e+01
2.797376377890330801e+01
2.797102603625105388e+01
2.796828455345596964e+01
2.796553932136822596e+01
2.796279033082543108e+01
2.796003757265261314e+01
2.795728103766219519e+01
2.795452071665396687e+01
2.795175660041506305e+01
2.794898867971993184e+01
2.794621694533032041e+01
2.794344138799524302e+01
2.794066199845095610e+01
2.793787876742094056e+01
2.793509168561587330e+01
2.793230074373359884e+01
2.792950593245910795e+01
2.792670724246452352e+01
2.792390466440905783e+01
2.792109818893900552e+01
2.791828780668770804e+01
2.791547350827553942e+01
2.791265528430987430e+01
2.790983312538507022e+01
2.790700702208244266e+01
2.790417696497023670e+01
2.790134294460361630e+01
2.789850495152462173e+01
2.789566297626216951e+01
2.789281700933200980e+01
2.788996704123671222e+01
2.788711306246564803e+01
2.788425506349495464e+01
2.788139303478752495e+01
2.787852696679297893e+01
2.787565684994764226e+01
2.787278267467452153e+01
2.786990443138328999e+01
2.786702211047025557e+01
2.786413570231834669e+01
2.786124519729708382e+01
2.785835058576256884e+01
2.785545185805744950e+01
2.785254900451090521e+01
2.784964201543862572e+01
2.784673088114278983e+01
2.784381559191204047e+01
2.784089613802147056e+01
2.783797250973259807e+01
2.783504469729334119e+01
2.783211269093800411e+01
2.782917648088725215e+01
2.782623605734809402e+01
2.782329141051386401e+01
2.782034253056419359e+01
2.781738940766499724e+01
2.781443203196845460e+01
2.781147039361298212e+01
2.780850448272322240e+01
2.780553428941002281e+01
2.780255980377040714e+01
2.779958101588756847e+01
2.779659791583084072e+01
2.779361049365568803e+01
2.779061873940367633e+01
2.778762264310246266e+01
2.778462219476577388e+01
2.778161738439338535e+01
2.777860820197111025e+01
2.777559463747076762e+01
2.777257668085017528e+01
2.776955432205313201e+01
2.776652755100939274e+01
2.776349635763466139e+01
2.776046073183055896e+01
2.775742066348461634e+01
2.775437614247025664e+01
2.775132715864677735e+01
2.774827370185932907e+01
2.774521576193890127e+01
2.774215332870230810e+01
2.773908639195217063e+01
2.773601494147689550e+01
2.773293896705067141e+01
2.772985845843343711e+01
2.772677340537087431e+01
2.772368379759439350e+01
2.772058962482111610e+01
2.771749087675385326e+01
2.771438754308110219e+01
2.771127961347702140e+01
2.770816707760141995e+01
2.770504992509974329e+01
2.770192814560305905e+01
2.769880172872803570e+01
2.769567066407693900e+01
2.769253494123761072e+01
2.768939454978345438e+01
2.768624947927342816e+01
2.768309971925202717e+01
2.767994525924926563e+01
2.767678608878066981e+01
2.767362219734726736e+01
2.767045357443556597e+01
2.766728020951754630e+01
2.766410209205064774e+01
2.766091921147776134e+01
2.765773155722720844e+01
2.765453911871273718e+01
2.765134188533350468e+01
2.764813984647406997e+01
2.764493299150438332e+01
2.764172130977976494e+01
2.763850479064091203e+01
2.763528342341387400e+01
2.763205719741004174e+01
2.762882610192614763e+01
2.762559012624424781e+01
2.762234925963171150e+01
2.761910349134121745e+01
2.761585281061073971e+01
2.761259720666353701e+01
2.760933666870814918e+01
2.760607118593838294e+01
2.760280074753330837e+01
2.759952534265724466e+01
2.759624496045975661e+01
2.759295959007564747e+01
2.758966922062494476e+01
2.758637384121290026e+01
2.758307344092997937e+01
2.757976800885185042e+01
2.757645753403938116e+01
2.757314200553863870e+01
2.756982141238086825e+01
2.756649574358250376e+01
2.756316498814515015e+01
2.755982913505557974e+01
2.755648817328572875e+01
2.755314209179269369e+01
2.754979087951872430e+01
2.754643452539121640e+01
2.754307301832271548e+01
2.753970634721089894e+01
2.753633450093858670e+01
2.753295746837373059e+01
2.752957523836940723e+01
2.752618779976382157e+01
2.752279514138029981e+01
2.751939725202728937e+01
2.751599412049835536e+01
2.751258573557217701e+01
2.750917208601255126e+01
2.750575316056838204e+01
2.750232894797368388e+01
2.749889943694758188e+01
2.749546461619431170e+01
2.749202447440321606e+01
2.748857900024874468e+01
2.748512818239045075e+01
2.748167200947300515e+01
2.747821047012617868e+01
2.747474355296485271e+01
2.747127124658902275e+01
2.746779353958379843e+01
2.746431042051939286e+01
2.746082187795114393e+01
2.745732790041950722e+01
2.745382847645005242e+01
2.745032359455347759e+01
2.744681324322560911e+01
2.744329741094739816e+01
2.743977608618493136e+01
2.743624925738943787e+01
2.743271691299728232e+01
2.742917904142997898e+01
2.742563563109419889e+01
2.742208667038176628e+01
2.741853214766966573e+01
2.741497205132005632e+01
2.741140636968027167e+01
2.740783509108282701e+01
2.740425820384542277e+01
2.740067569627096233e+01
2.739708755664754847e+01
2.739349377324849755e+01
2.738989433433234666e+01
2.738628922814286071e+01
2.738267844290903952e+01
2.737906196684513560e+01
2.737543978815065415e+01
2.737181189501037082e+01
2.736817827559433169e+01
2.736453891805787819e+01
2.736089381054164704e+01
2.735724294117158450e+01
2.735358629805896058e+01
2.734992386930037966e+01
2.734625564297778766e+01
2.734258160715849684e+01
2.733890174989518584e+01
2.733521605922592457e+01
2.733152452317418479e+01
2.732782712974884376e+01
2.732412386694421613e+01
2.732041472274006111e+01
2.731669968510158952e+01
2.731297874197949582e+01
2.730925188130996517e+01
2.730551909101469121e+01
2.730178035900089029e+01
2.729803567316132273e+01
2.729428502137431423e+01
2.729052839150376286e+01
2.728676577139917114e+01
2.728299714889565308e+01
2.727922251181395907e+01
2.727544184796050075e+01
2.727165514512736166e+01
2.726786239109232568e+01
2.726406357361889121e+01
2.726025868045629963e+01
2.725644769933955303e+01
2.725263061798943909e+01
2.724880742411254886e+01
2.724497810540130516e+01
2.724114264953398390e+01
2.723730104417474251e+01
2.723345327697363771e+01
2.722959933556665746e+01
2.722573920757573518e+01
2.722187288060879240e+01
2.721800034225974940e+01
2.721412158010856075e+01
2.721023658172124371e+01
2.720634533464989602e+01
2.720244782643273851e+01
2.719854404459412933e+01
2.719463397664459947e+01
2.719071761008088828e+01
2.718679493238596478e+01
2.718286593102906323e+01
2.717893059346571150e+01
2.717498890713775950e+01
2.717104085947342185e+01
2.716708643788729560e+01
2.716312562978041001e+01
2.715915842254024781e+01
2.715518480354078079e+01
2.715120476014250528e+01
2.714721827969248480e+01
2.714322534952437138e+01
2.713922595695845175e+01
2.713522008930168283e+01
2.713120773384772733e+01
2.712718887787698918e+01
2.712316350865665271e+01
2.711913161344072520e+01
2.711509317947007247e+01
2.711104819397245791e+01
2.710699664416258159e+01
2.710293851724212999e+01
2.709887380039980442e+01
2.709480248081137077e+01
2.709072454563970211e+01
2.708663998203481782e+01
2.708254877713393327e+01
2.707845091806149185e+01
2.707434639192922532e+01
2.707023518583618582e+01
2.706611728686880269e+01
2.706199268210091802e+01
2.705786135859383990e+01
2.705372330339639220e+01
2.704957850354495363e+01
2.704542694606351461e+01
2.704126861796372694e+01
2.703710350624494652e+01
2.703293159789429012e+01
2.702875287988668163e+01
2.702456733918490883e+01
2.702037496273967321e+01
2.701617573748964318e+01
2.701196965036150743e+01
2.700775668827002463e+01
2.700353683811808381e+01
2.699931008679676481e+01
2.699507642118537731e+01
2.699083582815153548e+01
2.698658829455120411e+01
2.698233380722876262e+01
2.697807235301705830e+01
2.697380391873747030e+01
2.696952849119996287e+01
2.696524605720315648e+01
2.696095660353437751e+01
2.695666011696972575e+01
2.695235658427413838e+01
2.694804599220145036e+01
2.694372832749446189e+01
2.693940357688499176e+01
2.693507172709395903e+01
2.693073276483143630e+01
2.692638667679672082e+01
2.692203344967839840e+01
2.691767307015442157e+01
2.691330552489216288e+01
2.690893080054849662e+01
2.690454888376986631e+01
2.690015976119234509e+01
2.689576341944172455e+01
2.689135984513357158e+01
2.688694902487331007e+01
2.688253094525628839e+01
2.687810559286786471e+01
2.687367295428346381e+01
2.686923301606867298e+01
2.686478576477930602e+01
2.686033118696148136e+01
2.685586926915170380e+01
2.685139999787694265e+01
2.684692335965470988e+01
2.684243934099313833e+01
2.683794792839106691e+01
2.683344910833812236e+01
2.682894286731479738e+01
2.682442919179253948e+01
2.681990806823383267e+01
2.681537948309227914e+01
2.681084342281268817e+01
2.680629987383116841e+01
2.680174882257519897e+01
2.679719025546373601e+01
2.679262415890729088e+01
2.678805051930802250e+01
2.678346932305982619e+01
2.677888055654842958e+01
2.677428420615147431e+01
2.676968025823862618e+01
2.676506869917165332e+01
2.676044951530452920e+01
2.675582269298352145e+01
2.675118821854729489e+01
2.674654607832700748e+01
2.674189625864640618e+01
2.673723874582192295e+01
2.673257352616278126e+01
2.672790058597109564e+01
2.672321991154196397e+01
2.671853148916358478e+01
2.671383530511734605e+01
2.670913134567793890e+01
2.670441959711345703e+01
2.669970004568550692e+01
2.669497267764931081e+01
2.669023747925381684e+01
2.668549443674180921e+01
2.668074353635000762e+01
2.667598476430919163e+01
2.667121810684430372e+01
2.666644355017456292e+01
2.666166108051357497e+01
2.665687068406945670e+01
2.665207234704493544e+01
2.664726605563748052e+01
2.664245179603940628e+01
2.663762955443799996e+01
2.663279931701563541e+01
2.662796106994989387e+01
2.662311479941368475e+01
2.661826049157537000e+01
2.661339813259887777e+01
2.660852770864384098e+01
2.660364920586570392e+01
2.659876261041586432e+01
2.659386790844178705e+01
2.658896508608713916e+01
2.658405412949191415e+01
2.657913502479256351e+01
2.657420775812212455e+01
2.656927231561035896e+01
2.656432868338388076e+01
2.655937684756628414e+01
2.655441679427828561e+01
2.654944850963785896e+01
2.654447197976036321e+01
2.653948719075869533e+01
2.653449412874341817e+01
2.652949277982289900e+01
2.652448313010345515e+01
2.651946516568949619e+01
2.651443887268366240e+01
2.650940423718697048e+01
2.650436124529895920e+01
2.649930988311783864e+01
2.649425013674062868e+01
2.648918199226331538e+01
2.648410543578099663e+01
2.647902045338803134e+01
2.647392703117819224e+01
2.646882515524481860e+01
2.646371481168097262e+01
2.645859598657959211e+01
2.645346866603363978e+01
2.644833283613627017e+01
2.644318848298097890e+01
2.643803559266177317e+01
2.643287415127332096e+01
2.642770414491111453e+01
2.642252555967164085e+01
2.641733838165253800e+01
2.641214259695275857e+01
2.640693819167274015e+01
2.640172515191457592e+01
2.639650346378217094e+01
2.639127311338142334e+01
2.638603408682038776e+01
2.638078637020945294e+01
2.637552994966151232e+01
2.637026481129213451e+01
2.636499094121974451e+01
2.635970832556579424e+01
2.635441695045494725e+01
2.634911680201525286e+01
2.634380786637833083e+01
2.633849012967954550e+01
2.633316357805819408e+01
2.632782819765768778e+01
2.632248397462573664e+01
2.631713089511454129e+01
2.631176894528097776e+01
2.630639811128677863e+01
2.630101837929873199e+01
2.629562973548886973e+01
2.629023216603465940e+01
2.628482565711919960e+01
2.627941019493141539e+01
2.627398576566625366e+01
2.626855235552487500e+01
2.626310995071486687e+01
2.625765853745042477e+01
2.625219810195256898e+01
2.624672863044933990e+01
2.624125010917600420e+01
2.623576252437526080e+01
2.623026586229744694e+01
2.622476010920074074e+01
2.621924525135138140e+01
2.621372127502386817e+01
2.620818816650117711e+01
2.620264591207497773e+01
2.619709449804583912e+01
2.619153391072345372e+01
2.618596413642685405e+01
2.618038516148462236e+01
2.617479697223512147e+01
2.616919955502670447e+01
2.616359289621794915e+01
2.615797698217787470e+01
2.615235179928616915e+01
2.614671733393340958e+01
2.614107357252130370e+01
2.613542050146290663e+01
2.612975810718285530e+01
2.612408637611760298e+01
2.611840529471565020e+01
2.611271484943777921e+01
2.610701502675729202e+01
2.610130581316024845e+01
2.609558719514570413e+01
2.608985915922594856e+01
2.608412169192675023e+01
2.607837477978759821e+01
2.607261840936194730e+01
2.606685256721746669e+01
2.606107723993628156e+01
2.605529241411522534e+01
2.604949807636609194e+01
2.604369421331588441e+01
2.603788081160707080e+01
2.603205785789783988e+01
2.602622533886234635e+01
2.602038324119098789e+01
2.601453155159064323e+01
2.600867025678495281e+01
2.600279934351456035e+01
2.599691879853739351e+01
2.599102860862891973e+01
2.598512876058241616e+01
2.597921924120923620e+01
2.597330003733907589e+01
2.596737113582025103e+01
2.596143252351996011e+01
2.595548418732457208e+01
2.594952611413988919e+01
2.594355829089143128e+01
2.593758070452470577e+01
2.593159334200549537e+01
2.592559619032013885e+01
2.591958923647581159e+01
2.591357246750080634e+01
2.590754587044482449e+01
2.590150943237926384e+01
2.589546314039750641e+01
2.588940698161520260e+01
2.588334094317057321e+01
2.587726501222469366e+01
2.587117917596179950e+01
2.586508342158957063e+01
2.585897773633944396e+01
2.585286210746689761e+01
2.584673652225176355e+01
2.584060096799852246e+01
2.583445543203661643e+01
2.582829990172074730e+01
2.582213436443118937e+01
2.581595880757409489e+01
2.580977321858180673e+01
2.580357758491316744e+01
2.579737189405383546e+01
2.579115613351660485e+01
2.578493029084171084e+01
2.577869435359715666e+01
2.577244830937903686e+01
2.576619214581184636e+01
2.575992585054881445e+01
2.575364941127222806e+01
2.574736281569375507e+01
2.574106605155477112e+01
2.573475910662669364e+01
2.572844196871130862e+01
2.572211462564110818e+01
2.571577706527962093e+01
2.570942927552174595e+01
2.570307124429410095e+01
2.569670295955534556e+01
2.569032440929653660e+01
2.568393558154146206e+01
2.567753646434698922e+01
2.567112704580340576e+01
2.566470731403476790e+01
2.565827725719925567e+01
2.565183686348951397e+01
2.564538612113301497e+01
2.563892501839239912e+01
2.563245354356584116e+01
2.562597168498740174e+01
2.561947943102738634e+01
2.561297677009270757e+01
2.560646369062724759e+01
2.559994018111221692e+01
2.559340623006652038e+01
2.558686182604713011e+01
2.558030695764944440e+01
2.557374161350766428e+01
2.556716578229516301e+01
2.556057945272485910e+01
2.555398261354959288e+01
2.554737525356249961e+01
2.554075736159738597e+01
2.553412892652911736e+01
2.552748993727399451e+01
2.552084038279013356e+01
2.551418025207785334e+01
2.550750953418006617e+01
2.550082821818265799e+01
2.549413629321487917e+01
2.548743374844974241e+01
2.548072057310440641e+01
2.547399675644057737e+01
2.546726228776489620e+01
2.546051715642935065e+01
2.545376135183165545e+01
2.544699486341566796e+01
2.544021768067178613e+01
2.543342979313735341e+01
2.542663119039706032e+01
2.541982186208335648e+01
2.541300179787685565e+01
2.540617098750674785e+01
2.539932942075121503e+01
2.539247708743784315e+01
2.538561397744403081e+01
2.537874008069741549e+01
2.537185538717628575e+01
2.536495988691000747e+01
2.535805356997943960e+01
2.535113642651735688e+01
2.534420844670888684e+01
2.533726962079192191e+01
2.533031993905755286e+01
2.532335939185050222e+01
2.531638796956955062e+01
2.530940566266797376e+01
2.530241246165397229e+01
2.529540835709111235e+01
2.528839333959876612e+01
2.528136739985253811e+01
2.527433052858472351e+01
2.526728271658473801e+01
2.526022395469956194e+01
2.525315423383419855e+01
2.524607354495210743e+01
2.523898187907565571e+01
2.523187922728657639e+01
2.522476558072641240e+01
2.521764093059697487e+01
2.521050526816079085e+01
2.520335858474156865e+01
2.519620087172464906e+01
2.518903212055746721e+01
2.518185232275001795e+01
2.517466146987531417e+01
2.516745955356984510e+01
2.516024656553405592e+01
2.515302249753280250e+01
2.514578734139582750e+01
2.513854108901822570e+01
2.513128373236092017e+01
2.512401526345113112e+01
2.511673567438285204e+01
2.510944495731732573e+01
2.510214310448352393e+01
2.509483010817862336e+01
2.508750596076848538e+01
2.508017065468814621e+01
2.507282418244228950e+01
2.506546653660573654e+01
2.505809770982393303e+01
2.505071769481343580e+01
2.504332648436239595e+01
2.503592407133106335e+01
2.502851044865226271e+01
2.502108560933190162e+01
2.501364954644945016e+01
2.500620225315845246e+01
2.499874372268700995e+01
2.499127394833829285e+01
2.498379292349102698e+01
2.497630064160001240e+01
2.496879709619661014e+01
2.496128228088925027e+01
2.495375618936394702e+01
2.494621881538479613e+01
2.493867015279448296e+01
2.493111019551480112e+01
2.492353893754714989e+01
2.491595637297305643e+01
2.490836249595468388e+01
2.490075730073535354e+01
2.489314078164004940e+01
2.488551293307594392e+01
2.487787374953290964e+01
2.487022322558405207e+01
2.486256135588621063e+01
2.485488813518049867e+01
2.484720355829281502e+01
2.483950762013437341e+01
2.483180031570223179e+01
2.482408164007980744e+01
2.481635158843741706e+01
2.480861015603279540e+01
2.480085733821163885e+01
2.479309313040812413e+01
2.478531752814544120e+01
2.477753052703634040e+01
2.476973212278364755e+01
2.476192231118081821e+01
2.475410108811245635e+01
2.474626844955487215e+01
2.473842439157660067e+01
2.473056891033895610e+01
2.472270200209656466e+01
2.471482366319791524e+01
2.470693389008588881e+01
2.469903267929831614e+01
2.469112002746851431e+01
2.468319593132583023e+01
2.467526038769619845e+01
2.466731339350267405e+01
2.465935494576599396e+01
2.465138504160512056e+01
2.464340367823778877e+01
2.463541085298106381e+01
2.462740656325189192e+01
2.461939080656764389e+01
2.461136358054668349e+01
2.460332488290891106e+01
2.459527471147632127e+01
2.458721306417355734e+01
2.457913993902847594e+01
2.457105533417269072e+01
2.456295924784214435e+01
2.455485167837766269e+01
2.454673262422550550e+01
2.453860208393793840e+01
2.453046005617378711e+01
2.452230653969900231e+01
2.451414153338722102e+01
2.450596503622032785e+01
2.449777704728901995e+01
2.448957756579336476e+01
2.448136659104337554e+01
2.447314412245956916e+01
2.446491015957353099e+01
2.445666470202847975e+01
2.444840774957983953e+01
2.444013930209580465e+01
2.443185935955790455e+01
2.442356792206157223e+01
2.441526498981671267e+01
2.440695056314826772e+01
2.439862464249679874e+01
2.439028722841903374e+01
2.438193832158845709e+01
2.437357792279586732e+01
2.436520603294995269e+01
2.435682265307785599e+01
2.434842778432575372e+01
2.434002142795941381e+01
2.433160358536478185e+01
2.432317425804854238e+01
2.431473344763869093e+01
2.430628115588510951e+01
2.429781738466013152e+01
2.428934213595912084e+01
2.428085541190103669e+01
2.427235721472901275e+01
2.426384754681092204e+01
2.425532641063994888e+01
2.424679380883516799e+01
2.423824974414210942e+01
2.422969421943332691e+01
2.422112723770897702e+01
2.421254880209739113e+01
2.420395891585563675e+01
2.419535758237009659e+01
2.418674480515703706e+01
2.417812058786318019e+01
2.416948493426626854e+01
2.416083784827564429e+01
2.415217933393281058e+01
2.414350939541200702e+01
2.413482803702077462e+01
2.412613526320052415e+01
2.411743107852711177e+01
2.410871548771139317e+01
2.409998849559980272e+01
2.409125010717491833e+01
2.408250032755602277e+01
2.407373916199967567e+01
2.406496661590027486e+01
2.405618269479062121e+01
2.404738740434248712e+01
2.403858075036717423e+01
2.402976273881607838e+01
2.402093337578125443e+01
2.401209266749597049e+01
2.400324062033527994e+01
2.399437724081656853e+01
2.398550253560011924e+01
2.397661651148967721e+01
2.396771917543299324e+01
2.395881053452239229e+01
2.394989059599532055e+01
2.394095936723490681e+01
2.393201685577050952e+01
2.392306306927827464e+01
2.391409801558168624e+01
2.390512170265211012e+01
2.389613413860935154e+01
2.388713533172220238e+01
2.387812529040898113e+01
2.386910402323808711e+01
2.386007153892854049e+01
2.385102784635052942e+01
2.384197295452594290e+01
2.383290687262892149e+01
2.382382960998639021e+01
2.381474117607860208e+01
2.380564158053967105e+01
2.379653083315810136e+01
2.378740894387733462e+01
2.377827592279626856e+01
2.376913178016979700e+01
2.375997652640933211e+01
2.375081017208333378e+01
2.374163272791783541e+01
2.373244420479696970e+01
2.372324461376349092e+01
2.371403396601928648e+01
2.370481227292590987e+01
2.369557954600508509e+01
2.368633579693922542e+01
2.367708103757195204e+01
2.366781527990859857e+01
2.365853853611672264e+01
2.364925081852661393e+01
2.363995213963179154e+01
2.363064251208951916e+01
2.362132194872129887e+01
2.361199046251337208e+01
2.360264806661720982e+01
2.359329477435002076e+01
2.358393059919523083e+01
2.357455555480297349e+01
2.356516965499058713e+01
2.355577291374309468e+01
2.354636534521367963e+01
2.353694696372417994e+01
2.352751778376555336e+01
2.351807781999836067e+01
2.350862708725323458e+01
2.349916560053135228e+01
2.348969337500490084e+01
2.348021042601754615e+01
2.347071676908489124e+01
2.346121241989493456e+01
2.345169739430853539e+01
2.344217170835985797e+01
2.343263537825682619e+01
2.342308842038157124e+01
2.341353085129088285e+01
2.340396268771664268e+01
2.339438394656626841e+01
2.338479464492315074e+01
2.337519480004708328e+01
2.336558442937469948e+01
2.335596355051989192e+01
2.334633218127423859e+01
2.333669033960742567e+01
2.332703804366766320e+01
2.331737531178210077e+01
2.330770216245723603e+01
2.329801861437931976e+01
2.328832468641476794e+01
2.327862039761055613e+01
2.326890576719461379e+01
2.325918081457622577e+01
2.324944555934641599e+01
2.323970002127833467e+01
2.322994422032763850e+01
2.322017817663287786e+01
2.321040191051586277e+01
2.320061544248203944e+01
2.319081879322085271e+01
2.318101198360611903e+01
2.317119503469637465e+01
2.316136796773523798e+01
2.315153080415176134e+01
2.314168356556077910e+01
2.313182627376324518e+01
2.312195895074657770e+01
2.311208161868500000e+01
2.310219429993985685e+01
2.309229701705995907e+01
2.308238979278188907e+01
2.307247265003033476e+01
2.306254561191839159e+01
2.305260870174788224e+01
2.304266194300965509e+01
2.303270535938388264e+01
2.302273897474036701e+01
2.301276281313882421e+01
2.300277689882917187e+01
2.299278125625182057e+01
2.298277591003793674e+01
2.297276088500972691e+01
2.296273620618070410e+01
2.295270189875595079e+01
2.294265798813237112e+01
2.293260449989895733e+01
2.292254145983703140e+01
2.291246889392048303e+01
2.290238682831602191e+01
2.289229528938340508e+01
2.288219430367566076e+01
2.287208389793931929e+01
2.286196409911463334e+01
2.285183493433578050e+01
2.284169643093108704e+01
2.283154861642321265e+01
2.282139151852936365e+01
2.281122516516147769e+01
2.280104958442641205e+01
2.279086480462612130e+01
2.278067085425784555e+01
2.277046776201426326e+01
2.276025555678366885e+01
2.275003426765012904e+01
2.273980392389363203e+01
2.272956455499024031e+01
2.271931619061222918e+01
2.270905886062823242e+01
2.269879259510335956e+01
2.268851742429932727e+01
2.267823337867458022e+01
2.266794048888440116e+01
2.265763878578101753e+01
2.264732830041370804e+01
2.263700906402889146e+01
2.262668110807021549e+01
2.261634446417864552e+01
2.260599916419253574e+01
2.259564524014770370e+01
2.258528272427749428e+01
2.257491164901283298e+01
2.256453204698228632e+01
2.255414395101210090e+01
2.254374739412624251e+01
2.253334240954643519e+01
2.252292903069217900e+01
2.251250729118077842e+01
2.250207722482734951e+01
2.249163886564483050e+01
2.248119224784398185e+01
2.247073740583337553e+01
2.246027437421938799e+01
2.244980318780617878e+01
2.243932388159566216e+01
2.242883649078747865e+01
2.241834105077894534e+01
2.240783759716502388e+01
2.239732616573825297e+01
2.238680679248869865e+01
2.237627951360388323e+01
2.236574436546870359e+01
2.235520138466536366e+01
2.234465060797327851e+01
2.233409207236897842e+01
2.232352581502600941e+01
2.231295187331481955e+01
2.230237028480264527e+01
2.229178108725339413e+01
2.228118431862750271e+01
2.227058001708180157e+01
2.225996822096937322e+01
2.224934896883939928e+01
2.223872229943699708e+01
2.222808825170305624e+01
2.221744686477405750e+01
2.220679817798189504e+01
2.219614223085368820e+01
2.218547906311158258e+01
2.217480871467254389e+01
2.216413122564814842e+01
2.215344663634436273e+01
2.214275498726131630e+01
2.213205631909306348e+01
2.212135067272734901e+01
2.211063808924534513e+01
2.209991860992141000e+01
2.208919227622281056e+01
2.207845912980944902e+01
2.206771921253358926e+01
2.205697256643956194e+01
2.204621923376347326e+01
2.203545925693289576e+01
2.202469267856655932e+01
2.201391954147402430e+01
2.200313988865536530e+01
2.199235376330082659e+01
2.198156120879048103e+01
2.197076226869387838e+01
2.195995698676968644e+01
2.194914540696531802e+01
2.193832757341656148e+01
2.192750353044719702e+01
2.191667332256860234e+01
2.190583699447935118e+01
2.189499459106480828e+01
2.188414615739671376e+01
2.187329173873275678e+01
2.186243138051614210e+01
2.185156512837515663e+01
2.184069302812271474e+01
2.182981512575589989e+01
2.181893146745550638e+01
2.180804209958555973e+01
2.179714706869284058e+01
2.178624642150639090e+01
2.177534020493701661e+01
2.176442846607678661e+01
2.175351125219851411e+01
2.174258861075523086e+01
2.173166058937966483e+01
2.172072723588368959e+01
2.170978859825778784e+01
2.169884472467049363e+01
2.168789566346781683e+01
2.167694146317268888e+01
2.166598217248436598e+01
2.165501784027784993e+01
2.164404851560328424e+01
2.163307424768535014e+01
2.162209508592265905e+01
2.161111107988712021e+01
2.160012227932331541e+01
2.158912873414785594e+01
2.157813049444873954e+01
2.156712761048468963e+01
2.155612013268449090e+01
2.154510811164632145e+01
2.153409159813707063e+01
2.152307064309163920e+01
2.151204529761225714e+01
2.150101561296776964e+01
2.148998164059291582e+01
2.147894343208761470e+01
2.146790103921623327e+01
2.145685451390684406e+01
2.144580390825047544e+01
2.143474927450035494e+01
2.142369066507114894e+01
2.141262813253818464e+01
2.140156172963667203e+01
2.139049150926091158e+01
2.137941752446349852e+01
2.136833982845450564e+01
2.135725847460068749e+01
2.134617351642463845e+01
2.133508500760397553e+01
2.132399300197048575e+01
2.131289755350928772e+01
2.130179871635797184e+01
2.129069654480573703e+01
2.127959109329251319e+01
2.126848241640808368e+01
2.125737056889120069e+01
2.124625560562868287e+01
2.123513758165450582e+01
2.122401655214889260e+01
2.121289257243739357e+01
2.120176569798995558e+01
2.119063598441998053e+01
2.117950348748338385e+01
2.116836826307763175e+01
2.115723036724079265e+01
2.114608985615055659e+01
2.113494678612325828e+01
2.112380121361288943e+01
2.111265319521011108e+01
2.110150278764124465e+01
2.109035004776726652e+01
2.107919503258278482e+01
2.106803779921501985e+01
2.105687840492276663e+01
2.104571690709535403e+01
2.103455336325158953e+01
2.102338783103871833e+01
2.101222036823133976e+01
2.100105103273034501e+01
2.098987988256183712e+01
2.097870697587604383e+01
2.096753237094621625e+01
2.095635612616753107e+01
2.094517830005597858e+01
2.093399895124724353e+01
2.092281813849558247e+01
2.091163592067268695e+01
2.090045235676655366e+01
2.088926750588031922e+01
2.087808142723111970e+01
2.086689418014892539e+01
2.085570582407536477e+01
2.084451641856255932e+01
2.083332602327192618e+01
2.082213469797300220e+01
2.081094250254222899e+01
2.079974949696176623e+01
2.078855574131825890e+01
2.077736129580164004e+01
2.076616622070388729e+01
2.075497057641780074e+01
2.074377442343575595e+01
2.073257782234846047e+01
2.072138083384370688e+01
2.071018351870510088e+01
2.069898593781080010e+01
2.068778815213224576e+01
2.067659022273287306e+01
2.066539221076683575e+01
2.065419417747770581e+01
2.064299618419717675e+01
2.063179829234375973e+01
2.062060056342146552e+01
2.060940305901849712e+01
2.059820584080591388e+01
2.058700897053630996e+01
2.057581251004247491e+01
2.056461652123604722e+01
2.055342106610617137e+01
2.054222620671814070e+01
2.053103200521204030e+01
2.051983852380137563e+01
2.050864582477170472e+01
2.049745397047925977e+01
2.048626302334956506e+01
2.047507304587604082e+01
2.046388410061862118e+01
2.045269625020234372e+01
2.044150955731594976e+01
2.043032408471047034e+01
2.041913989519781580e+01
2.040795705164935114e+01
2.039677561699447139e+01
2.038559565421916631e+01
2.037441722636458863e+01
2.036324039652560813e+01
2.035206522784937633e+01
2.034089178353385918e+01
2.032972012682639473e+01
2.031855032102222580e+01
2.030738242946303984e+01
2.029621651553549455e+01
2.028505264266974351e+01
2.027389087433796533e+01
2.026273127405287156e+01
2.025157390536622160e+01
2.024041883186733770e+01
2.022926611718160217e+01
2.021811582496896165e+01
2.020696801892241723e+01
2.019582276276652877e+01
2.018468012025589431e+01
2.017354015517363308e+01
2.016240293132987560e+01
2.015126851256023599e+01
2.014013696272428433e+01
2.012900834570401898e+01
2.011788272540233535e+01
2.010676016574148406e+01
2.009564073066153966e+01
2.008452448411885172e+01
2.007341149008449932e+01
2.006230181254274569e+01
2.005119551548948209e+01
2.004009266293067526e+01
2.002899331888081136e+01
2.001789754736133631e+01
2.000680541239908550e+01
1.999571697802472414e+01
1.998463230827118409e+01
1.997355146717208640e+01
1.996247451876017109e+01
1.995140152706571968e+01
1.994033255611498134e+01
1.992926766992859555e+01
1.991820693252000396e+01
1.990715040789388013e+01
1.989609816004452725e+01
1.988505025295430784e+01
1.987400675059204858e+01
1.986296771691144514e+01
1.985193321584948478e+01
1.984090331132484053e+01
1.982987806723628310e+01
1.981885754746108930e+01
1.980784181585343262e+01
1.979683093624280232e+01
1.978582497243239402e+01
1.977482398819751452e+01
1.976382804728397957e+01
1.975283721340651510e+01
1.974185155024715854e+01
1.973087112145364586e+01
1.971989599063782350e+01
1.970892622137403194e+01
1.969796187719751401e+01
1.968700302160280202e+01
1.967604971804212255e+01
1.966510202992379064e+01
1.965416002061059686e+01
1.964322375341821925e+01
1.963229329161361036e+01
1.962136869841339504e+01
1.961045003698226807e+01
1.959953737043140265e+01
1.958863076181683027e+01
1.957773027413785272e+01
1.956683597033544331e+01
1.955594791329064108e+01
1.954506616582295564e+01
1.953419079068877195e+01
1.952332185057974812e+01
1.951245940812122370e+01
1.950160352587063173e+01
1.949075426631589991e+01
1.947991169187386262e+01
1.946907586488866926e+01
1.945824684763019619e+01
1.944742470229246933e+01
1.943660949099206547e+01
1.942580127576654547e+01
1.941500011857285912e+01
1.940420608128578550e+01
1.939341922569633425e+01
1.938263961351019304e+01
1.937186730634614307e+01
1.936110236573449583e+01
1.935034485311552288e+01
1.933959482983789968e+01
1.932885235715713179e+01
1.931811749623400587e+01
1.930739030813303359e+01
1.929667085382089553e+01
1.928595919416489224e+01
1.927525538993140231e+01
1.926455950178433696e+01
1.925387159028359463e+01
1.924319171588352972e+01
1.923251993893142142e+01
1.922185631966593888e+01
1.921120091821561715e+01
1.920055379459733658e+01
1.918991500871480227e+01
1.917928462035703419e+01
1.916866268919684657e+01
1.915804927478935227e+01
1.914744443657045281e+01
1.913684823385534628e+01
1.912626072583702808e+01
1.911568197158480942e+01
1.910511203004281811e+01
1.909455096002853125e+01
1.908399882023129734e+01
1.907345566921085833e+01
1.906292156539588944e+01
1.905239656708253904e+01
1.904188073243296486e+01
1.903137411947388458e+01
1.902087678609514043e+01
1.901038879004824267e+01
1.899991018894494132e+01
1.898944104025579804e+01
1.897898140130875433e+01
1.896853132928771402e+01
1.895809088123113639e+01
1.894766011403062222e+01
1.893723908442950332e+01
1.892682784902146054e+01
1.891642646424912755e+01
1.890603498640269819e+01
1.889565347161855868e+01
1.888528197587790558e+01
1.887492055500539223e+01
1.886456926466775386e+01
1.885422816037245752e+01
1.884389729746636633e+01
1.883357673113437869e+01
1.882326651639811388e+01
1.881296670811456551e+01
1.880267736097479769e+01
1.879239852950261991e+01
1.878213026805327601e+01
1.877187263081215818e+01
1.876162567179350305e+01
1.875138944483910208e+01
1.874116400361702972e+01
1.873094940162037148e+01
1.872074569216594853e+01
1.871055292839307427e+01
1.870037116326228954e+01
1.869020044955413340e+01
1.868004083986789610e+01
1.866989238662039696e+01
1.865975514204476227e+01
1.864962915818921729e+01
1.863951448691587487e+01
1.862941117989954165e+01
1.861931928862652796e+01
1.860923886439347186e+01
1.859916995830615249e+01
1.858911262127834263e+01
1.857906690403063621e+01
1.856903285708931151e+01
1.855901053078518004e+01
1.854899997525246036e+01
1.853900124042765185e+01
1.852901437604842272e+01
1.851903943165249444e+01
1.850907645657655465e+01
1.849912549995515931e+01
1.848918661071964920e+01
1.847925983759708046e+01
1.846934522910916243e+01
1.845944283357119886e+01
1.844955269909104345e+01
1.843967487356805535e+01
1.842980940469208306e+01
1.841995633994243065e+01
1.841011572658685225e+01
1.840028761168055738e+01
1.839047204206520547e+01
1.838066906436792891e+01
1.837087872500035957e+01
1.836110107015765536e+01
1.835133614581755523e+01
1.834158399773942349e+01
1.833184467146331542e+01
1.832211821230905002e+01
1.831240466537528988e+01
1.830270407553863166e+01
1.829301648745270725e+01
1.828334194554728853e+01
1.827368049402741690e+01
1.826403217687252223e+01
1.825439703783556311e+01
1.824477512044218130e+01
1.823516646798984908e+01
1.822557112354704856e+01
1.821598912995243680e+01
1.820642052981404291e+01
1.819686536550845446e+01
1.818732367918003590e+01
1.817779551274013983e+01
1.816828090786632544e+01
1.815877990600160885e+01
1.814929254835370287e+01
1.813981887589427089e+01
1.813035892935819504e+01
1.812091274924285145e+01
1.811148037580739967e+01
1.810206184907207927e+01
1.809265720881750994e+01
1.808326649458401647e+01
1.807388974567094664e+01
1.806452700113601750e+01
1.805517829979465461e+01
1.804584368021935248e+01
1.803652318073904226e+01
1.802721683943846998e+01
1.801792469415757836e+01
1.800864678249091355e+01
1.799938314178702825e+01
1.799013380914790261e+01
1.798089882142836871e+01
1.797167821523555631e+01
1.796247202692833866e+01
1.795328029261678893e+01
1.794410304816165791e+01
1.793494032917384828e+01
1.792579217101391009e+01
1.791665860879153627e+01
1.790753967736507590e+01
1.789843541134105820e+01
1.788934584507372705e+01
1.788027101266457564e+01
1.787121094796190235e+01
1.786216568456037734e+01
1.785313525580061622e+01
1.784411969476875726e+01
1.783511903429605994e+01
1.782613330695851417e+01
1.781716254507644592e+01
1.780820678071415131e+01
1.779926604567952353e+01
1.779034037152370828e+01
1.778142978954075559e+01
1.777253433076728228e+01
1.776365402598215582e+01
1.775478890570618162e+01
1.774593900020179404e+01
1.773710433947276854e+01
1.772828495326394460e+01
1.771948087106094505e+01
1.771069212208992383e+01
1.770191873531730664e+01
1.769316073944955647e+01
1.768441816293294266e+01
1.767569103395331709e+01
1.766697938043590810e+01
1.765828323004511446e+01
1.764960261018432774e+01
1.764093754799574398e+01
1.763228807036018964e+01
1.762365420389697590e+01
1.761503597496374240e+01
1.760643340965631154e+01
1.759784653380857478e+01
1.758927537299235766e+01
1.758071995251732744e+01
1.757218029743087584e+01
1.756365643251804798e+01
1.755514838230145358e+01
1.754665617104119946e+01
1.753817982273483267e+01
1.752971936111728724e+01
1.752127480966084860e+01
1.751284619157512168e+01
1.750443352980701661e+01
1.749603684704073103e+01
1.748765616569775716e+01
1.747929150793688535e+01
1.747094289565422898e+01
1.746261035048324928e+01
1.745429389379479446e+01
1.744599354669715296e+01
1.743770933003610324e+01
1.742944126439498831e+01
1.742118937009478685e+01
1.741295366719420201e+01
1.740473417548976087e+01
1.739653091451591393e+01
1.738834390354514881e+01
1.738017316158812164e+01
1.737201870739378506e+01
1.736388055944952669e+01
1.735575873598133256e+01
1.734765325495393640e+01
1.733956413407099362e+01
1.733149139077525902e+01
1.732343504224878217e+01
1.731539510541309568e+01
1.730737159692942839e+01
1.729936453319891143e+01
1.729137393036280912e+01
1.728339980430275347e+01
1.727544217064097865e+01
1.726750104474058034e+01
1.725957644170576799e+01
1.725166837638213480e+01
1.724377686335693838e+01
1.723590191695937435e+01
1.722804355126088538e+01
1.722020178007545255e+01
1.721237661695991150e+01
1.720456807521426867e+01
1.719677616788202812e+01
1.718900090775053258e+01
1.718124230735130098e+01
1.717350037896038373e+01
1.716577513459872861e+01
1.715806658603253965e+01
1.715037474477366075e+01
1.714269962207995590e+01
1.713504122895570703e+01
1.712739957615201192e+01
1.711977467416719279e+01
1.711216653324721193e+01
1.710457516338610162e+01
1.709700057432638687e+01
1.708944277555953661e+01
1.708190177632639717e+01
1.707437758561766117e+01
1.706687021217431877e+01
1.705937966448813370e+01
1.705190595080212290e+01
1.704444907911102902e+01
1.703700905716183200e+01
1.702958589245422871e+01
1.702217959224115518e+01
1.701479016352928753e+01
1.700741761307957134e+01
1.700006194740774745e+01
1.699272317278488842e+01
1.698540129523793141e+01
1.697809632055023954e+01
1.697080825426214901e+01
1.696353710167153395e+01
1.695628286783437488e+01
1.694904555756533426e+01
1.694182517543834265e+01
1.693462172578717784e+01
1.692743521270606877e+01
1.692026564005029599e+01
1.691311301143679557e+01
1.690597733024477733e+01
1.689885859961634651e+01
1.689175682245712551e+01
1.688467200143688984e+01
1.687760413899021117e+01
1.687055323731709322e+01
1.686351929838362906e+01
1.685650232392265835e+01
1.684950231543442456e+01
1.684251927418725359e+01
1.683555320121821808e+01
1.682860409733382312e+01
1.682167196311068835e+01
1.681475679889624431e+01
1.680785860480942162e+01
1.680097738074136160e+01
1.679411312635611608e+01
1.678726584109136510e+01
1.678043552415913098e+01
1.677362217454650306e+01
1.676682579101637316e+01
1.676004637210816028e+01
1.675328391613854606e+01
1.674653842120223146e+01
1.673980988517267221e+01
1.673309830570283907e+01
1.672640368022597812e+01
1.671972600595636393e+01
1.671306527989007051e+01
1.670642149880575289e+01
1.669979465926541096e+01
1.669318475761517817e+01
1.668659178998609960e+01
1.668001575229493127e+01
1.667345664024492891e+01
1.666691444932664368e+01
1.666038917481873227e+01
1.665388081178875623e+01
1.664738935509399553e+01
1.664091479938226570e+01
1.663445713909273138e+01
1.662801636845673769e+01
1.662159248149862378e+01
1.661518547203656482e+01
1.660879533368339622e+01
1.660242205984746278e+01
1.659606564373345350e+01
1.658972607834324009e+01
1.658340335647673314e+01
1.657709747073273476e+01
1.657080841350978773e+01
1.656453617700703873e+01
1.655828075322509818e+01
1.655204213396690349e+01
1.654582031083858951e+01
1.653961527525035535e+01
1.653342701841734197e+01
1.652725553136050962e+01
1.652110080490751542e+01
1.651496282969359797e+01
1.650884159616245839e+01
1.650273709456715565e+01
1.649664931497099118e+01
1.649057824724840415e+01
1.648452388108587030e+01
1.647848620598279723e+01
1.647246521125242680e+01
1.646646088602273750e+01
1.646047321923735041e+01
1.645450219965643868e+01
1.644854781585763348e+01
1.644261005623694061e+01
1.643668890900965707e+01
1.643078436221128413e+01
1.642489640369844395e+01
1.641902502114979967e+01
1.641317020206698629e+01
1.640733193377552368e+01
1.640151020342575450e+01
1.639570499799376080e+01
1.638991630428229840e+01
1.638414410892172768e+01
1.637838839837095151e+01
1.637264915891833894e+01
1.636692637668267025e+01
1.636122003761406418e+01
1.635553012749493007e+01
1.634985663194089511e+01
1.634419953640175294e+01
1.633855882616239796e+01
1.633293448634378109e+01
1.632732650190384405e+01
1.632173485763846799e+01
1.631615953818242204e+01
1.631060052801030480e+01
1.630505781143749999e+01
1.629953137262112506e+01
1.629402119556097617e+01
1.628852726410048746e+01
1.628304956192766895e+01
1.627758807257607288e+01
1.627214277942574228e+01
1.626671366570416311e+01
1.626130071448721282e+01
1.625590390870012669e+01
1.625052323111844643e+01
1.624515866436897227e+01
1.623981019093072575e+01
1.623447779313590189e+01
1.622916145317082126e+01
1.622386115307689636e+01
1.621857687475157661e+01
1.621330859994931828e+01
1.620805631028252591e+01
1.620281998722252226e+01
1.619759961210050037e+01
1.619239516610847929e+01
1.618720663030025619e+01
1.618203398559237272e+01
1.617687721276506352e+01
1.617173629246321909e+01
1.616661120519733075e+01
1.616150193134445345e+01
1.615640845114916502e+01
1.615133074472451113e+01
1.614626879205296817e+01
1.614122257298738461e+01
1.613619206725194744e+01
1.613117725444313066e+01
1.612617811403064039e+01
1.612119462535837755e+01
1.611622676764537943e+01
1.611127451998677174e+01
1.610633786135472079e+01
1.610141677059937848e+01
1.609651122644983090e+01
1.609162120751504688e+01
1.608674669228481946e+01
1.608188765913071450e+01
1.607704408630701209e+01
1.607221595195165165e+01
1.606740323408717330e+01
1.606260591062165233e+01
1.605782395934964413e+01
1.605305735795312572e+01
1.604830608400242653e+01
1.604357011495716634e+01
1.603884942816719317e+01
1.603414400087350700e+01
1.602945381020920479e+01
1.602477883320040064e+01
1.602011904676716014e+01
1.601547442772442409e+01
1.601084495278293929e+01
1.600623059855017871e+01
1.600163134153127231e+01
1.599704715812991829e+01
1.599247802464931212e+01
1.598792391729305784e+01
1.598338481216608997e+01
1.597886068527558656e+01
1.597435151253188224e+01
1.596985726974938125e+01
1.596537793264746519e+01
1.596091347685140249e+01
1.595646387789325438e+01
1.595202911121278078e+01
1.594760915215834096e+01
1.594320397598779060e+01
1.593881355786938947e+01
1.593443787288268965e+01
1.593007689601943433e+01
1.592573060218444958e+01
1.592139896619653427e+01
1.591708196278935006e+01
1.591277956661230597e+01
1.590849175223144307e+01
1.590421849413032085e+01
1.589995976671088762e+01
1.589571554429436873e+01
1.589148580112213693e+01
1.588727051135658641e+01
1.588306964908200314e+01
1.587888318830543533e+01
1.587471110295755850e+01
1.587055336689354235e+01
1.586640995389390696e+01
1.586228083766538788e+01
1.585816599184178877e+01
1.585406538998484294e+01
1.584997900558505535e+01
1.584590681206256235e+01
1.584184878276797193e+01
1.583780489098321098e+01
1.583377510992236914e+01
1.582975941273253362e+01
1.582575777249463478e+01
1.582177016222427035e+01
1.581779655487254566e+01
1.581383692332689783e+01
1.580989124041192717e+01
1.580595947889021602e+01
1.580204161146315656e+01
1.579813761077176260e+01
1.579424744939749026e+01
1.579037109986304976e+01
1.578650853463321901e+01
1.578265972611564472e+01
1.577882464666165419e+01
1.577500326856705293e+01
1.577119556407292933e+01
1.576740150536644869e+01
1.576362106458164547e+01
1.575985421380021734e+01
1.575610092505231030e+01
1.575236117031730743e+01
1.574863492152460864e+01
1.574492215055441413e+01
1.574122282923849703e+01
1.573753692936097970e+01
1.573386442265910290e+01
1.573020528082399672e+01
1.572655947550144084e+01
1.572292697829263375e+01
1.571930776075494407e+01
1.571570179440267268e+01
1.571210905070780228e+01
1.570852950110074886e+01
1.570496311697110947e+01
1.570140986966840657e+01
1.569786973050282697e+01
1.569434267074596079e+01
1.569082866163153867e+01
1.568732767435616005e+01
1.568383968008002682e+01
1.568036464992766454e+01
1.567690255498864893e+01
1.567345336631831998e+01
1.567001705493850494e+01
1.566659359183822886e+01
1.566318294797442512e+01
1.565978509427264243e+01
1.565640000162774825e+01
1.565302764090463050e+01
1.564966798293889738e+01
1.564632099853757019e+01
1.564298665847977254e+01
1.563966493351742137e+01
1.563635579437591261e+01
1.563305921175480329e+01
1.562977515632848835e+01
1.562650359874687744e+01
1.562324450963606637e+01
1.561999785959901033e+01
1.561676361921618472e+01
1.561354175904625130e+01
1.561033224962671717e+01
1.560713506147459206e+01
1.560395016508703847e+01
1.560077753094202535e+01
1.559761712949897472e+01
1.559446893119940292e+01
1.559133290646756365e+01
1.558820902571108213e+01
1.558509725932159284e+01
1.558199757767536830e+01
1.557890995113394439e+01
1.557583435004475092e+01
1.557277074474172451e+01
1.556971910554593386e+01
1.556667940276619078e+01
1.556365160669966130e+01
1.556063568763247673e+01
1.555763161584033227e+01
1.555463936158909632e+01
1.555165889513540378e+01
1.554869018672725467e+01
1.554573320660460212e+01
1.554278792499994388e+01
1.553985431213890855e+01
1.553693233824083642e+01
1.553402197351935676e+01
1.553112318818296700e+01
1.552823595243560284e+01
1.552536023647721031e+01
1.552249601050430705e+01
1.551964324471055079e+01
1.551680190928729530e+01
1.551397197442414821e+01
1.551115341030952344e+01
1.550834618713119006e+01
1.550555027507682304e+01
1.550276564433454496e+01
1.549999226509346251e+01
1.549723010754420649e+01
1.549447914187947006e+01
1.549173933829453098e+01
1.548901066698778628e+01
1.548629309816127275e+01
1.548358660202118742e+01
1.548089114877840800e+01
1.547820670864900627e+01
1.547553325185476147e+01
1.547287074862366474e+01
1.547021916919042717e+01
1.546757848379698252e+01
1.546494866269298285e+01
1.546232967613629583e+01
1.545972149439349863e+01
1.545712408774036639e+01
1.545453742646235540e+01
1.545196148085509158e+01
1.544939622122484479e+01
1.544684161788901022e+01
1.544429764117657911e+01
1.544176426142861125e+01
1.543924144899870043e+01
1.543672917425343805e+01
1.543422740757288025e+01
1.543173611935099565e+01
1.542925527999613067e+01
1.542678485993145543e+01
1.542432482959541140e+01
1.542187515944216436e+01
1.541943581994203782e+01
1.541700678158196069e+01
1.541458801486589714e+01
1.541217949031528178e+01
1.540978117846945494e+01
1.540739304988608538e+01
1.540501507514159485e+01
1.540264722483157911e+01
1.540028946957122713e+01
1.539794177999573677e+01
1.539560412676072687e+01
1.539327648054264586e+01
1.539095881203917848e+01
1.538865109196964731e+01
1.538635329107541594e+01
1.538406538012028513e+01
1.538178732989088537e+01
1.537951911119706949e+01
1.537726069487230518e+01
1.537501205177405161e+01
1.537277315278415024e+01
1.537054396880920137e+01
1.536832447078093722e+01
1.536611462965660380e+01
1.536391441641932509e+01
1.536172380207847432e+01
1.535954275767003629e+01
1.535737125425697336e+01
1.535520926292958244e+01
1.535305675480585208e+01
1.535091370103181596e+01
