0.000000000000000000e+00
-4.462921167163821368e-01
-4.453451500571746768e-01
-4.444005733051888951e-01
-4.434583714138008448e-01
-4.425185293824013266e-01
-4.415810322560217438e-01
-4.406458651249770542e-01
-4.397130131245058360e-01
-4.387824614344285612e-01
-4.378541952788063130e-01
-4.369281999256098281e-01
-4.360044606863955341e-01
-4.350829629159915779e-01
-4.341636920121870746e-01
-4.332466334154312371e-01
-4.323317726085406099e-01
-4.314190951164096344e-01
-4.305085865057335370e-01
-4.296002323847348814e-01
-4.286940184028966705e-01
-4.277899302507053303e-01
-4.268879536593976898e-01
-4.259880744007168429e-01
-4.250902782866720075e-01
-4.241945511693099302e-01
-4.233008789404856254e-01
-4.224092475316483242e-01
-4.215196429136248701e-01
-4.206320510964171033e-01
-4.197464581290010210e-01
-4.188628500991348202e-01
-4.179812131331692715e-01
-4.171015333958724147e-01
-4.162237970902479267e-01
-4.153479904573726955e-01
-4.144740997762300649e-01
-4.136021113635559576e-01
-4.127320115736866635e-01
-4.118637867984130674e-01
-4.109974234668440918e-01
-4.101329080452715825e-01
-4.092702270370430773e-01
-4.084093669824380157e-01
-4.075503144585542747e-01
-4.066930560791943705e-01
-4.058375784947615417e-01
-4.049838683921586080e-01
-4.041319124946934904e-01
-4.032816975619897271e-01
-4.024332103899027624e-01
-4.015864378104399002e-01
-4.007413666916886941e-01
-3.998979839377445611e-01
-3.990562764886509406e-01
-3.982162313203390092e-01
-3.973778354445747230e-01
-3.965410759089084136e-01
-3.957059397966341541e-01
-3.948724142267490134e-01
-3.940404863539198610e-01
-3.932101433684520586e-01
-3.923813724962698091e-01
-3.915541609988910654e-01
-3.907284961734159845e-01
-3.899043653525136044e-01
-3.890817559044185137e-01
-3.882606552329298522e-01
-3.874410507774100898e-01
-3.866229300127969060e-01
-3.858062804496145137e-01
-3.849910896339877597e-01
-3.841773451476656609e-01
-3.833650346080430538e-01
-3.825541456681923469e-01
-3.817446660168970496e-01
-3.809365833786874100e-01
-3.801298855138846022e-01
-3.793245602186430254e-01
-3.785205953250035948e-01
-3.777179787009461442e-01
-3.769166982504470464e-01
-3.761167419135417189e-01
-3.753180976663904600e-01
-3.745207535213453953e-01
-3.737246975270289706e-01
-3.729299177684068933e-01
-3.721364023668696230e-01
-3.713441394803189688e-01
-3.705531173032551306e-01
-3.697633240668679599e-01
-3.689747480391353252e-01
-3.681873775249182579e-01
-3.674012008660665352e-01
-3.666162064415244837e-01
-3.658323826674394486e-01
-3.650497179972768125e-01
-3.642682009219340156e-01
-3.634878199698621248e-01
-3.627085637071886248e-01
-3.619304207378426508e-01
-3.611533797036868831e-01
-3.603774292846481098e-01
-3.596025581988535613e-01
-3.588287552027693561e-01
-3.580560090913473825e-01
-3.572843086981626337e-01
-3.565136428955683057e-01
-3.557440005948421247e-01
-3.549753707463437769e-01
-3.542077423396714497e-01
-3.534418227357691844e-01
-3.526785121327250527e-01
-3.519178127660259614e-01
-3.511597269672375177e-01
-3.504042571641935444e-01
-3.496514058811863723e-01
-3.489011757391510260e-01
-3.481535694558568483e-01
-3.474085898460917976e-01
-3.466662398218481878e-01
-3.459265223925060972e-01
-3.451894406650207747e-01
-3.444549978441028282e-01
-3.437231972324001905e-01
-3.429940422306805292e-01
-3.422675363380102143e-01
-3.415436831519341743e-01
-3.408224863686543094e-01
-3.401039497832039071e-01
-3.393880772896274989e-01
-3.386748728811536102e-01
-3.379643406503677339e-01
-3.372564847893881890e-01
-3.365513095900344309e-01
-3.358488194439981367e-01
-3.351490188430150674e-01
-3.344519123790286041e-01
-3.337575047443605003e-01
-3.330658007318737512e-01
-3.323768052351395719e-01
-3.316905232485969357e-01
-3.310069598677172209e-01
-3.303261202891636383e-01
-3.296480098109491053e-01
-3.289726338325964505e-01
-3.282999978552911813e-01
-3.276301074820399117e-01
-3.269629684178212425e-01
-3.262985864697383054e-01
-3.256369675471708636e-01
-3.249781176619214174e-01
-3.243220429283650841e-01
-3.236687495635955925e-01
-3.230182438875669471e-01
-3.223705323232388675e-01
-3.217256213967181200e-01
-3.210835177373960736e-01
-3.204442280780885888e-01
-3.198077592551711312e-01
-3.191741182087153295e-01
-3.185433119826179826e-01
-3.179153477247366189e-01
-3.172902326870172818e-01
-3.166679742256203189e-01
-3.160485798010501668e-01
-3.154320569782750328e-01
-3.148184134268532386e-01
-3.142076569210507930e-01
-3.135997953399604077e-01
-3.129948366676196247e-01
-3.123927889931242818e-01
-3.117936605107414216e-01
-3.111974595200196481e-01
-3.106041944258988163e-01
-3.100138737388153931e-01
-3.094265060748100371e-01
-3.088421001556270751e-01
-3.082606648088166423e-01
-3.076822089678314942e-01
-3.071067416721259269e-01
-3.065342720672492582e-01
-3.059648094049358669e-01
-3.053983630431954532e-01
-3.048349424464035229e-01
-3.042745571853812114e-01
-3.037172169374832142e-01
-3.031629314866756131e-01
-3.026117107236151460e-01
-3.020635646457237034e-01
-3.015185033572640450e-01
-3.009765370694063025e-01
-3.004376761003022533e-01
-2.999019308751474933e-01
-2.993693119262443858e-01
-2.988398298930659003e-01
-2.983134955223103457e-01
-2.977903196679602127e-01
-2.972703132913323554e-01
-2.967534874611291729e-01
-2.962398533534867928e-01
-2.957294222520190363e-01
-2.952222055478584961e-01
-2.947182147396966156e-01
-2.942174614338193273e-01
-2.937199573441392486e-01
-2.932257142922294335e-01
-2.927347442073442441e-01
-2.922470591264487716e-01
-2.917626711942382656e-01
-2.912815926631555641e-01
-2.908038358934054157e-01
-2.903294133529665810e-01
-2.898583376176004922e-01
-2.893906213708539177e-01
-2.889262774040625148e-01
-2.884653186163483873e-01
-2.880077580146135352e-01
-2.875536087135327490e-01
-2.871028839355383999e-01
-2.866555970108075613e-01
-2.862117613772392488e-01
-2.857713905804315502e-01
-2.853344982736560898e-01
-2.849010982178230567e-01
-2.844712042814503405e-01
-2.840448304406204549e-01
-2.836219907789386818e-01
-2.832026994874873305e-01
-2.827869708647731128e-01
-2.823748193166699672e-01
-2.819662593563623254e-01
-2.815613056042758355e-01
-2.811599727880138566e-01
-2.807622757422808535e-01
-2.803682294088049032e-01
-2.799778488362558715e-01
-2.795911491801574833e-01
-2.792081457027951741e-01
-2.788288537731201666e-01
-2.784532888666439998e-01
-2.780814665653364992e-01
-2.777134025575082044e-01
-2.773491126376985694e-01
-2.769886127065467329e-01
-2.766319187706686167e-01
-2.762790469425219220e-01
-2.759300134402625782e-01
-2.755848345876070749e-01
-2.752435268136748103e-01
-2.749061066528345476e-01
-2.745725907445417668e-01
-2.742429958331674689e-01
-2.739173387678267568e-01
-2.735956365021942061e-01
-2.732779060943173466e-01
-2.729641647064221521e-01
-2.726544296047108684e-01
-2.723487181591566220e-01
-2.720470478432852612e-01
-2.717494362339566427e-01
-2.714559010111322612e-01
-2.711664599576443235e-01
-2.708811309589462812e-01
-2.705999320028634747e-01
-2.703228811793367825e-01
-2.700499966801521712e-01
-2.697812967986689126e-01
-2.695167999295345895e-01
-2.692565245683955499e-01
-2.690004893115978124e-01
-2.687487128558759819e-01
-2.685012139980409440e-01
-2.682580116346511279e-01
-2.680191247616786621e-01
-2.677845724741667599e-01
-2.675543739658773346e-01
-2.673285485289224050e-01
-2.671071155534006092e-01
-2.668900945270086256e-01
-2.666775050346515963e-01
-2.664693667580396719e-01
-2.662656994752768957e-01
-2.660665230604354337e-01
-2.658718574831230308e-01
-2.656817228080390336e-01
-2.654961391945144245e-01
-2.653151268960491915e-01
-2.651387062598276056e-01
-2.649668977262316094e-01
-2.647997218283365539e-01
-2.646371991913949451e-01
-2.644793505323114191e-01
-2.643261966590992884e-01
-2.641777584703310922e-01
-2.640340569545691629e-01
-2.638951131897897540e-01
-2.637609483427869606e-01
-2.636315836685699798e-01
-2.635070405097377222e-01
-2.633873402958473164e-01
-2.632725045427642963e-01
-2.631625548519979096e-01
-2.630575129100226617e-01
-2.629574004875832038e-01
-2.628622394389852346e-01
-2.627720517013697465e-01
-2.626868592939718416e-01
-2.626066843173617826e-01
-2.625315489526720558e-01
-2.624614754608040057e-01
-2.623964861816214800e-01
-2.623366035331230472e-01
-2.622818500106004480e-01
-2.622322481857758403e-01
-2.621878207059217258e-01
-2.621485902929622247e-01
-2.621145797425565860e-01
-2.620858119231620487e-01
-2.620623097750777175e-01
-2.620440963094684550e-01
-2.620311946073706766e-01
-2.620236278186730550e-01
-2.620214191610791277e-01
-2.620245919190506978e-01
-2.620331694427280311e-01
-2.620471751468267385e-01
-2.620666325095140081e-01
-2.620915650712626332e-01
-2.621219964336828356e-01
-2.621579502583277765e-01
-2.621994502654801940e-01
-2.622465202329106182e-01
-2.622991839946142711e-01
-2.623574654395240957e-01
-2.624213885101931432e-01
-2.624909772014614173e-01
-2.625662555590859704e-01
-2.626472476783530130e-01
-2.627339777026619361e-01
-2.628264698220778017e-01
-2.629247482718648499e-01
-2.630288373309851435e-01
-2.631387613205696807e-01
-2.632545446023689673e-01
-2.633762115771620671e-01
-2.635037866831499986e-01
-2.636372943943096070e-01
-2.637767592187222343e-01
-2.639222056968688612e-01
-2.640736583998978260e-01
-2.642311419278600138e-01
-2.643946809079101845e-01
-2.645642999924801009e-01
-2.647400238574161291e-01
-2.649218772000865307e-01
-2.651098847374515621e-01
-2.653040712041042637e-01
-2.655044613502757223e-01
-2.657110799398002543e-01
-2.659239517480580517e-01
-2.661431015598697547e-01
-2.663685541673604940e-01
-2.666003343677874060e-01
-2.668384669613318438e-01
-2.670829767488517303e-01
-2.673338885295964973e-01
-2.675912270988879404e-01
-2.678550172457545564e-01
-2.681252837505377906e-01
-2.684020513824487697e-01
-2.686853448970898395e-01
-2.689751890339365792e-01
-2.692716085137805138e-01
-2.695746280361220881e-01
-2.698842722765343316e-01
-2.702005658839757851e-01
-2.705235334780642376e-01
-2.708531996463042768e-01
-2.711895889412807570e-01
-2.715327258777954222e-01
-2.718826349299697798e-01
-2.722393405282980128e-01
-2.726028670566599255e-01
-2.729732388492791539e-01
-2.733504801876462942e-01
-2.737346152973915148e-01
-2.741256683451045451e-01
-2.745236634351180260e-01
-2.749286246062351280e-01
-2.753405758284149796e-01
-2.757595409994056945e-01
-2.761855439413296587e-01
-2.766186083972211884e-01
-2.770587580275118977e-01
-2.775060164064712120e-01
-2.779604070185885956e-01
-2.784219532549153664e-01
-2.788906784093460045e-01
-2.793666056748528304e-01
-2.798497581396697242e-01
-2.803401587834204456e-01
-2.808378304731929953e-01
-2.813427959595742323e-01
-2.818550778726107708e-01
-2.823746987177345735e-01
-2.829016808716242615e-01
-2.834360465780132454e-01
-2.839778179434508942e-01
-2.845270169330017529e-01
-2.850836653658892494e-01
-2.856477849110914402e-01
-2.862193970828720291e-01
-2.867985232362640913e-01
-2.873851845624919576e-01
-2.879794020843385871e-01
-2.885811966514605365e-01
-2.891905889356358728e-01
-2.898075994259673438e-01
-2.904322484240218216e-01
-2.910645560389123476e-01
-2.917045421823233342e-01
-2.923522265634836970e-01
-2.930076286840717081e-01
-2.936707678330707783e-01
-2.943416630815648416e-01
-2.950203332774740117e-01
-2.957067970402360579e-01
-2.964010727554223790e-01
-2.971031785693040161e-01
-2.978131323833547173e-01
-2.985309518486977121e-01
-2.992566543604905371e-01
-2.999902570522570144e-01
-3.007317767901588335e-01
-3.014812301672050721e-01
-3.022386334974100919e-01
-3.030040028098858196e-01
-3.037773538428882869e-01
-3.045587020377903409e-01
-3.053480625330086129e-01
-3.061454501578700915e-01
-3.069508794264170781e-01
-3.077643645311625153e-01
-3.085859193367795905e-01
-3.094155573737432663e-01
-3.102532918319113042e-01
-3.110991355540472236e-01
-3.119531010292904138e-01
-3.128152003865701802e-01
-3.136854453879660554e-01
-3.145638474220086023e-01
-3.154504174969348096e-01
-3.163451662338777615e-01
-3.172481038600127867e-01
-3.181592402016500953e-01
-3.190785846772615786e-01
-3.200061462904780774e-01
-3.209419336230172615e-01
-3.218859548275690985e-01
-3.228382176206281429e-01
-3.237987292752784185e-01
-3.247674966139281194e-01
-3.257445260009952381e-01
-3.267298233355500070e-01
-3.277233940439094884e-01
-3.287252430721767649e-01
-3.297353748787531513e-01
-3.307537934267921198e-01
-3.317805021766141449e-01
-3.328155040780793605e-01
-3.338588015629219141e-01
-3.349103965370386904e-01
-3.359702903727400658e-01
-3.370384839009640254e-01
-3.381149774034555300e-01
-3.391997706049021399e-01
-3.402928626650394417e-01
-3.413942521707222788e-01
-3.425039371279685607e-01
-3.436219149539557760e-01
-3.447481824690071806e-01
-3.458827358885340209e-01
-3.470255708149606599e-01
-3.481766822296119557e-01
-3.493360644845898699e-01
-3.505037112946163269e-01
-3.516796157288588631e-01
-3.528637702027316303e-01
-3.540561664696878497e-01
-3.552567956129796256e-01
-3.564656480374173153e-01
-3.576827134611021419e-01
-3.589079809071622496e-01
-3.601414386954614466e-01
-3.613830744343061729e-01
-3.626328750121502464e-01
-3.638908265892908389e-01
-3.651569145895562363e-01
-3.664311236920034798e-01
-3.677134378226026845e-01
-3.690038401459372341e-01
-3.703023130569005339e-01
-3.716088381724033107e-01
-3.729233963230873528e-01
-3.742459675450502399e-01
-3.755765310715858396e-01
-3.769150653249384586e-01
-3.782615479080705390e-01
-3.796159555964589982e-01
-3.809782643299036708e-01
-3.823484492043700556e-01
-3.837264844638514916e-01
-3.851123434922627542e-01
-3.865059988053656248e-01
-3.879074220427252140e-01
-3.893165839597130251e-01
-3.907334544195358861e-01
-3.921580023853159513e-01
-3.935901959122098948e-01
-3.950300021395780625e-01
-3.964773872832045853e-01
-3.979323166275631207e-01
-3.993947545181446568e-01
-4.008646643538401610e-01
-4.023420085793819601e-01
-4.038267486778551740e-01
-4.053188451632652178e-01
-4.068182575731864592e-01
-4.083249444614673873e-01
-4.098388633910312606e-01
-4.113599709267337090e-01
-4.128882226283143719e-01
-4.144235730434309151e-01
-4.159659757007726499e-01
-4.175153831032768492e-01
-4.190717467214214453e-01
-4.206350169866339694e-01
-4.222051432847746533e-01
-4.237820739497516476e-01
-4.253657562572120687e-01
-4.269561364183681595e-01
-4.285531595739143773e-01
-4.301567697880723795e-01
-4.317669100427489193e-01
-4.333835222318184188e-01
-4.350065471555299990e-01
-4.366359245150353008e-01
-4.382715929070590821e-01
-4.399134898186994880e-01
-4.415615516223646564e-01
-4.432157135708498785e-01
-4.448759097925650829e-01
-4.465420732869106457e-01
-4.482141359197858721e-01
-4.498920284192837737e-01
-4.515756803715199608e-01
-4.532650202166240705e-01
-4.549599752449107193e-01
-4.566604715932018888e-01
-4.583664342413363846e-01
-4.600777870088332833e-01
-4.617944525517544418e-01
-4.635163523597368718e-01
-4.652434067532098538e-01
-4.669755348808056761e-01
-4.687126547169530033e-01
-4.704546830596745277e-01
-4.722015355285702487e-01
-4.739531265630169132e-01
-4.757093694205578593e-01
-4.774701761755069107e-01
-4.792354577177633246e-01
-4.810051237518355727e-01
-4.827790827960863895e-01
-4.845572421822013087e-01
-4.863395080548668092e-01
-4.881257853716892692e-01
-4.899159779033372963e-01
-4.917099882339185379e-01
-4.935077177615825317e-01
-4.953090666993751334e-01
-4.971139340763267578e-01
-4.989222177387836465e-01
-5.007338143519891593e-01
-5.025486194019153086e-01
-5.043665271973405417e-01
-5.061874308721894256e-01
-5.080112223881331213e-01
-5.098377925374353303e-01
-5.116670309460806809e-01
-5.134988260771484736e-01
-5.153330652344705332e-01
-5.171696345665581784e-01
-5.190084190707835443e-01
-5.208493025978628843e-01
-5.226921678566023299e-01
-5.245368964189183192e-01
-5.263833687251526783e-01
-5.282314640896654812e-01
-5.300810607067059088e-01
-5.319320356565908625e-01
-5.337842649121458116e-01
-5.356376233454624991e-01
-5.374919847349357571e-01
-5.393472217725934215e-01
-5.412032060717384407e-01
-5.430598081748663208e-01
-5.449168975618976507e-01
-5.467743426587081679e-01
-5.486320108459519229e-01
-5.504897684682066306e-01
-5.523474808434003513e-01
-5.542050122725650230e-01
-5.560622260498655489e-01
-5.579189844729823822e-01
-5.597751488537476838e-01
-5.616305795291389735e-01
-5.634851358725467829e-01
-5.653386763053680486e-01
-5.671910583088992652e-01
-5.690421384365593749e-01
-5.708917723264004263e-01
-5.727398147139313167e-01
-5.745861194452739351e-01
-5.764305394906008573e-01
-5.782729269578992248e-01
-5.801131331070430441e-01
-5.819510083641630249e-01
-5.837864023363461552e-01
-5.856191638266210475e-01
-5.874491408492679145e-01
-5.892761806454274165e-01
-5.911001296990099352e-01
-5.929208337529194850e-01
-5.947381378255769402e-01
-5.965518862277319201e-01
-5.983619225796033003e-01
-6.001680898282972798e-01
-6.019702302655243198e-01
-6.037681855456245028e-01
-6.055617967038593452e-01
-6.073509041750362325e-01
-6.091353478123886500e-01
-6.109149669067555077e-01
-6.126896002060466806e-01
-6.144590859349872147e-01
-6.162232618151457508e-01
-6.179819650852476087e-01
-6.197350325217365619e-01
-6.214823004596439215e-01
-6.232236048136867712e-01
-6.249587810996788395e-01
-6.266876644561558685e-01
-6.284100896662923041e-01
-6.301258911800649010e-01
-6.318349031366565782e-01
-6.335369593871296168e-01
-6.352318935173237868e-01
-6.369195388710060524e-01
-6.385997285732512019e-01
-6.402722955540569583e-01
-6.419370725721840198e-01
-6.435938922392230310e-01
-6.452425870438860400e-01
-6.468829893764915795e-01
-6.485149315536851145e-01
-6.501382458433322409e-01
-6.517527644896601302e-01
-6.533583197385308683e-01
-6.549547438629617080e-01
-6.565418691887923153e-01
-6.581195281205418635e-01
-6.596875531674533111e-01
-6.612457769696757914e-01
-6.627940323246290788e-01
-6.643321522135265944e-01
-6.658599698280285306e-01
-6.673773185970712785e-01
-6.688840322137956651e-01
-6.703799446626295122e-01
-6.718648902465089723e-01
-6.733387036141904591e-01
-6.748012197876809282e-01
-6.762522741897958323e-01
-6.776917026717854675e-01
-6.791193415410816669e-01
-6.805350275891137724e-01
-6.819385981192156443e-01
-6.833298909745810779e-01
-6.847087445663118110e-01
-6.860749979015130506e-01
-6.874284906114360716e-01
-6.887690629796623387e-01
-6.900965559703382546e-01
-6.914108112564221198e-01
-6.927116712479608474e-01
-6.939989791203833303e-01
-6.952725788427807085e-01
-6.965323152062239398e-01
-6.977780338520220837e-01
-6.990095813000172242e-01
-7.002268049768156644e-01
-7.014295532439995817e-01
-7.026176754262996038e-01
-7.037910218397196438e-01
-7.049494438196073354e-01
-7.060927937486618511e-01
-7.072209250848653372e-01
-7.083336923893375214e-01
-7.094309513540941747e-01
-7.105125588297340755e-01
-7.115783728529954111e-01
-7.126282526742102608e-01
-7.136620587846480568e-01
-7.146796529437302592e-01
-7.156808982060789415e-01
-7.166656589484741158e-01
-7.176338008966072213e-01
-7.185851911517260326e-01
-7.195196982170564137e-01
-7.204371920240815186e-01
-7.213375439586546811e-01
-7.222206268868669454e-01
-7.230863151807598310e-01
-7.239344847438042851e-01
-7.247650130361933396e-01
-7.255777790998707566e-01
-7.263726635833658296e-01
-7.271495487663586221e-01
-7.279083185840327097e-01
-7.286488586511183918e-01
-7.293710562857449453e-01
-7.300748005329606993e-01
-7.307599821880033097e-01
-7.314264938192833743e-01
-7.320742297910800556e-01
-7.327030862859220672e-01
-7.333129613266724522e-01
-7.339037547982918408e-01
-7.344753684692875151e-01
-7.350277060128291851e-01
-7.355606730275283667e-01
-7.360741770578722587e-01
-7.365681276143238865e-01
-7.370424361930496548e-01
-7.374970162952705355e-01
-7.379317834462859604e-01
-7.383466552140902639e-01
-7.387415512276132024e-01
-7.391163931945627930e-01
-7.394711049189020002e-01
-7.398056123178919918e-01
-7.401198434387410430e-01
-7.404137284748579795e-01
-7.406871997816677489e-01
-7.409401918919926722e-01
-7.411726415310366800e-01
-7.413844876309225729e-01
-7.415756713447687609e-01
-7.417461360603534448e-01
-7.418958274133087283e-01
-7.420246932998664224e-01
-7.421326838891413313e-01
-7.422197516349695601e-01
-7.422858512872538839e-01
-7.423309399028419353e-01
-7.423549768559514206e-01
-7.423579238480833009e-01
-7.423397449174822249e-01
-7.423004064480789310e-01
-7.422398771779692428e-01
-7.421581282073983488e-01
-7.420551330062108430e-01
-7.419308674208480170e-01
-7.417853096808197932e-01
-7.416184404046695100e-01
-7.414302426054490969e-01
-7.412207016956560146e-01
-7.409898054916796983e-01
-7.407375442177317471e-01
-7.404639105092531981e-01
-7.401688994158059920e-01
-7.398525084034630606e-01
-7.395147373566313131e-01
-7.391555885794234282e-01
-7.387750667964247953e-01
-7.383731791530234734e-01
-7.379499352151615010e-01
-7.375053469685672880e-01
-7.370394288174808572e-01
-7.365521975828555057e-01
-7.360436725000027991e-01
-7.355138752157754922e-01
-7.349628297851702463e-01
-7.343905626674129827e-01
-7.337971027215868247e-01
-7.331824812016436432e-01
-7.325467317509817278e-01
-7.318898903964288216e-01
-7.312119955418048267e-01
-7.305130879608598971e-01
-7.297932107897950882e-01
-7.290524095192225662e-01
-7.282907319856182227e-01
-7.275082283622904544e-01
-7.267049511498364645e-01
-7.258809551660776460e-01
-7.250362975355526540e-01
-7.241710376784569192e-01
-7.232852372991178669e-01
-7.223789603739716458e-01
-7.214522731391170840e-01
-7.205052440772756750e-01
-7.195379439043876335e-01
-7.185504455556510628e-01
-7.175428241711734323e-01
-7.165151570810879278e-01
-7.154675237902439200e-01
-7.144000059624742160e-01
-7.133126874043582699e-01
-7.122056540485641740e-01
-7.110789939367809787e-01
-7.099327972021713951e-01
-7.087671560514321456e-01
-7.075821647464128894e-01
-7.063779195853316928e-01
-7.051545188835894873e-01
-7.039120629541482099e-01
-7.026506540875461226e-01
-7.013703965315187805e-01
-7.000713964701923420e-01
-6.987537620029709018e-01
-6.974176031229799566e-01
-6.960630316952167718e-01
-6.946901614342806397e-01
-6.932991078817716257e-01
-6.918899883833815601e-01
-6.904629220656035571e-01
-6.890180298121473257e-01
-6.875554342399892160e-01
-6.860752596751644727e-01
-6.845776321282017740e-01
-6.830626792693181848e-01
-6.815305304032552858e-01
-6.799813164438808233e-01
-6.784151698885241277e-01
-6.768322247919893453e-01
-6.752326167403703838e-01
-6.736164828245836400e-01
-6.719839616136737970e-01
-6.703351931278727083e-01
-6.686703188114500040e-01
-6.669894815053176718e-01
-6.652928254194818702e-01
-6.635804961052280682e-01
-6.618526404271845021e-01
-6.601094065351282847e-01
-6.583509438356944798e-01
-6.565774029638464793e-01
-6.547889357542733269e-01
-6.529856952125550063e-01
-6.511678354862531215e-01
-6.493355118358405953e-01
-6.474888806055063561e-01
-6.456280991938740943e-01
-6.437533260246053324e-01
-6.418647205168883652e-01
-6.399624430558783494e-01
-6.380466549630250395e-01
-6.361175184663649951e-01
-6.341751966707118715e-01
-6.322198535278451548e-01
-6.302516538066338381e-01
-6.282707630631156892e-01
-6.262773476105683024e-01
-6.242715744895588337e-01
-6.222536114379884076e-01
-6.202236268611209802e-01
-6.181817898016612745e-01
-6.161282699098173943e-01
-6.140632374133987437e-01
-6.119868630879423677e-01
-6.098993182269034641e-01
-6.078007746118743171e-01
-6.056914044828600741e-01
-6.035713805086801997e-01
-6.014408757573530551e-01
-5.993000636666254710e-01
-5.971491180145747091e-01
-5.949882128903449807e-01
-5.928175226649206042e-01
-5.906372219620958930e-01
-5.884474856294745759e-01
-5.862484887097008102e-01
-5.840404064117494798e-01
-5.818234140823961287e-01
-5.795976871778338868e-01
-5.773634012354333933e-01
-5.751207318456983408e-01
-5.728698546243573553e-01
-5.706109451846685943e-01
-5.683441791098964302e-01
-5.660697319259611060e-01
-5.637877790743213158e-01
-5.614984958850504082e-01
-5.592020575500979973e-01
-5.568986390968035938e-01
-5.545884153616240653e-01
-5.522715609640691525e-01
-5.499482502808912265e-01
-5.476186574205241797e-01
-5.452829561977301509e-01
-5.429413201085615537e-01
-5.405939223054843090e-01
-5.382409355728547951e-01
-5.358825323026070730e-01
-5.335188844702498656e-01
-5.311501636110735891e-01
-5.287765407966975584e-01
-5.263981866119147313e-01
-5.240152711317382916e-01
-5.216279638988308154e-01
-5.192364339011665830e-01
-5.168408495500138589e-01
-5.144413786582542336e-01
-5.120381884189677546e-01
-5.096314453843129311e-01
-5.072213154447662298e-01
-5.048079638086724330e-01
-5.023915549820408000e-01
-4.999722527487848733e-01
-4.975502201511985412e-01
-4.951256194707542857e-01
-4.926986122092913423e-01
-4.902693590704818583e-01
-4.878380199416483265e-01
-4.854047538759396208e-01
-4.829697190748054592e-01
-4.805330728707994936e-01
-4.780949717108076147e-01
-4.756555711394805375e-01
-4.732150257831619911e-01
-4.707734893340289606e-01
-4.683311145346527038e-01
-4.658880531628768473e-01
-4.634444560170667415e-01
-4.610004729016354830e-01
-4.585562526130333438e-01
-4.561119429259621327e-01
-4.536676905800141046e-01
-4.512236412666434937e-01
-4.487799396164606769e-01
-4.463367291869004827e-01
-4.438941524502206804e-01
-4.414523507818362003e-01
-4.390114644490501483e-01
-4.365716326000685932e-01
-4.341329932533690705e-01
-4.316956832874352390e-01
-4.292598384308583537e-01
-4.268255932526914265e-01
-4.243930811532130587e-01
-4.219624343550378853e-01
-4.195337838944921405e-01
-4.171072596133917898e-01
-4.146829901511563943e-01
-4.122611029371734404e-01
-4.098417241835625724e-01
-4.074249788782902115e-01
-4.050109907785182095e-01
-4.025998824043590663e-01
-4.001917750329113677e-01
-3.977867886926143015e-01
-3.953850421579410135e-01
-3.929866529443737377e-01
-3.905917373037288698e-01
-3.882004102197573747e-01
-3.858127854040493965e-01
-3.834289752922845906e-01
-3.810490910407111631e-01
-3.786732425230223686e-01
-3.763015383274082026e-01
-3.739340857539930063e-01
-3.715709908125135463e-01
-3.692123582202979648e-01
-3.668582914005178441e-01
-3.645088924807362574e-01
-3.621642622917071730e-01
-3.598245003664581887e-01
-3.574897049396343895e-01
-3.551599729471410782e-01
-3.528354000259787959e-01
-3.505160805144129643e-01
-3.482021074523271587e-01
-3.458935725818816920e-01
-3.435905663484148942e-01
-3.412931779015466738e-01
-3.390014950965283269e-01
-3.367156044959047634e-01
-3.344355913712804274e-01
-3.321615397054480390e-01
-3.298935321946143695e-01
-3.276316502509504236e-01
-3.253759740053079330e-01
-3.231265823101407975e-01
-3.208835527426678880e-01
-3.186469616082368006e-01
-3.164168839438454839e-01
-3.141933935218981233e-01
-3.119765628541846247e-01
-3.097664631959597958e-01
-3.075631645503045242e-01
-3.053667356726248450e-01
-3.031772440753044418e-01
-3.009947560325649807e-01
-2.988193365855034145e-01
-2.966510495472913789e-01
-2.944899575084871657e-01
-2.923361218425672980e-01
-2.901896027116119825e-01
-2.880504590720833757e-01
-2.859187486808130174e-01
-2.837945281010967324e-01
-2.816778527089518480e-01
-2.795687766994825463e-01
-2.774673530934135268e-01
-2.753736337437042714e-01
-2.732876693423431647e-01
-2.712095094272113371e-01
-2.691392023891114871e-01
-2.670767954788448861e-01
-2.650236658211775342e-01
-2.629817571341663829e-01
-2.609510479334418154e-01
-2.589315160560032858e-01
-2.569231386709716070e-01
-2.549258922904444891e-01
-2.529397527802121903e-01
-2.509646953705584327e-01
-2.490006946669867105e-01
-2.470477246609361632e-01
-2.451057587404563698e-01
-2.431747697008923570e-01
-2.412547297555038828e-01
-2.393456105460876060e-01
