2.000000000000000000e+01
2.099925817683018892e+01
2.199802204983124909e+01
2.299629266720937082e+01
2.399407107454036137e+01
2.499135831478628234e+01
2.598815542831204084e+01
2.698446345290194159e+01
2.798028342377616084e+01
2.897561637360720255e+01
2.997046333253628703e+01
3.096482532818968991e+01
3.195870338569504909e+01
3.295209852769760772e+01
3.394501177437641104e+01
3.493744414346046767e+01
3.592939665024485407e+01
3.692087030760676925e+01
3.791186612602155748e+01
3.890238511357866713e+01
3.989242827599758101e+01
4.088199661664368989e+01
4.187109113654411630e+01
4.285971283440350987e+01
4.384786270661980012e+01
4.483554174729986386e+01
4.582275094827521400e+01
4.680949129911758178e+01
4.779576378715449891e+01
4.878156939748481591e+01
4.976690911299417763e+01
5.075178391437045633e+01
5.173619478011917039e+01
5.272014268657879654e+01
5.370362860793611759e+01
5.468665351624145643e+01
5.566921838142391721e+01
5.665132417130657672e+01
5.763297185162160474e+01
5.861416238602537732e+01
5.959489673611352600e+01
6.057517586143596588e+01
6.155500071951185959e+01
6.253437226584455999e+01
6.351329145393650322e+01
6.449175923530405896e+01
6.546977655949234531e+01
6.644734437408999383e+01
6.742446362474390753e+01
6.840113525517389803e+01
6.937736020718740804e+01
7.035313942069404902e+01
7.132847383372023842e+01
7.230336438242368047e+01
7.327781200110788973e+01
7.425181762223662929e+01
7.522538217644833480e+01
7.619850659257043901e+01
7.717119179763376735e+01
7.814343871688680565e+01
7.911524827380993941e+01
8.008662139012967884e+01
8.105755898583282715e+01
8.202806197918062026e+01
8.299813128672283824e+01
8.396776782331181721e+01
8.493697250211650385e+01
8.590574623463641046e+01
8.687408993071557006e+01
8.784200449855640613e+01
8.880949084473361665e+01
8.977654987420798705e+01
9.074318249034014627e+01
9.170938959490432296e+01
9.267517208810207308e+01
9.364053086857586550e+01
9.460546683342278129e+01
9.556998087820804244e+01
9.653407389697856900e+01
9.749774678227647939e+01
9.846100042515254813e+01
9.942383571517963503e+01
1.003862535404660434e+02
1.013482547876688642e+02
1.023098403420073055e+02
1.032710110872759373e+02
1.042317679058578790e+02
1.051921116787380157e+02
1.061520432855161147e+02
1.071115636044199420e+02
1.080706735123182938e+02
1.090293738847340421e+02
1.099876655958570666e+02
1.109455495185572431e+02
1.119030265243972764e+02
1.128600974836455890e+02
1.138167632652891257e+02
1.147730247370461143e+02
1.157288827653787848e+02
1.166843382155060596e+02
1.176393919514162008e+02
1.185940448358794015e+02
1.195482977304603480e+02
1.205021514955307254e+02
1.214556069902816802e+02
1.224086650727362837e+02
1.233613265997618953e+02
1.243135924270824972e+02
1.252654634092910015e+02
1.262169403998615280e+02
1.271680242511615688e+02
1.281187158132669595e+02
1.290690159328545690e+02
1.300189254536985857e+02
1.309684452166679307e+02
1.319175760597235296e+02
1.328663188179154133e+02
1.338146743233797906e+02
1.347626434053358935e+02
1.357102268900829074e+02
1.366574256009965893e+02
1.376042403585259422e+02
1.385506719801896338e+02
1.394967212805724444e+02
1.404423890713215428e+02
1.413876761611425934e+02
1.423325833557958333e+02
1.432771114580920937e+02
1.442212612678885648e+02
1.451650335820845044e+02
1.461084291946169174e+02
1.470514488964560655e+02
1.479940934756007778e+02
1.489363637170738741e+02
1.498782604029171921e+02
1.508197843121867834e+02
1.517609362209477695e+02
1.527017169022692542e+02
1.536421271262189805e+02
1.545821676598580439e+02
1.555218392672353218e+02
1.564611427093818747e+02
1.574000787443052616e+02
1.583386481269837134e+02
1.592768516093601647e+02
1.602146899403361715e+02
1.611521638657658286e+02
1.620892741284494036e+02
1.630260214681269701e+02
1.639624066214718994e+02
1.648984303220842662e+02
1.658340933004840565e+02
1.667693962841043742e+02
1.677043399972844213e+02
1.686389251612624207e+02
1.695731524941685109e+02
1.705070227110173278e+02
1.714405365237006436e+02
1.723736946409797781e+02
1.733064977684780104e+02
1.742389466086727907e+02
1.751710418608878115e+02
1.761027842212850487e+02
1.770341743828566621e+02
1.779652130354166673e+02
1.788959008655927505e+02
1.798262385568176569e+02
1.807562267893206638e+02
1.816858662401189122e+02
1.826151575830085676e+02
1.835441014885558957e+02
1.844726986240881956e+02
1.854009496536846768e+02
1.863288552381671082e+02
1.872564160350905524e+02
1.881836326987336747e+02
1.891105058800892778e+02
1.900370362268544397e+02
1.909632243834206804e+02
1.918890709908640133e+02
1.928145766869347995e+02
1.937397421060475153e+02
1.946645678792704643e+02
1.955890546343152607e+02
1.965132029955263420e+02
1.974370135838701685e+02
1.983604870169244521e+02
1.992836239088672983e+02
2.002064248704660372e+02
2.011288905090661672e+02
2.020510214285799577e+02
2.029728182294751377e+02
2.038942815087633278e+02
2.048154118599884157e+02
2.057362098732147615e+02
2.066566761350153456e+02
2.075768112284597748e+02
2.084966157331021464e+02
2.094160902249687979e+02
2.103352352765459727e+02
2.112540514567673426e+02
2.121725393310013601e+02
2.130906994610386391e+02
2.140085324050790234e+02
2.149260387177186828e+02
2.158432189499370395e+02
2.167600736490835232e+02
2.176766033588642983e+02
2.185928086193288777e+02
2.195086899668564229e+02
2.204242479341422438e+02
2.213394830501838726e+02
2.222543958402672217e+02
2.231689868259525156e+02
2.240832565250601647e+02
2.249972054516564981e+02
2.259108341160393252e+02
2.268241430247234405e+02
2.277371326804260434e+02
2.286498035820519021e+02
2.295621562246785743e+02
2.304741910995413150e+02
2.313859086940180703e+02
2.322973094916141861e+02
2.332083939719470607e+02
2.341191626107306547e+02
2.350296158797599730e+02
2.359397542468952906e+02
2.368495781760463785e+02
2.377590881271565024e+02
2.386682845561863928e+02
2.395771679150980162e+02
2.404857386518383464e+02
2.413939972103228797e+02
2.423019440304191221e+02
2.432095795479298772e+02
2.441169041945765343e+02
2.450239183979821576e+02
2.459306225816544043e+02
2.468370171649684721e+02
2.477431025631497903e+02
2.486488791872566537e+02
2.495543474441627723e+02
2.504595077365396207e+02
2.513643604628387038e+02
2.522689060172737925e+02
2.531731447898028193e+02
2.540770771661099445e+02
2.549807035275872806e+02
2.558840242513165890e+02
2.567870397100508626e+02
2.576897502721957949e+02
2.585921563017910785e+02
2.594942581584916184e+02
2.603960561975487167e+02
2.612975507697909734e+02
2.621987422216051868e+02
2.630996308949170839e+02
2.640002171271721068e+02
2.649005012513156885e+02
2.658004835957739260e+02
2.667001644844336852e+02
2.675995442366228758e+02
2.684986231670904431e+02
2.693974015859865290e+02
2.702958797988420656e+02
2.711940581065485958e+02
2.720919368053379799e+02
2.729895161867617617e+02
2.738867965376706479e+02
2.747837781401938173e+02
2.756804612717179452e+02
2.765768462048663991e+02
2.774729332074782064e+02
2.783687225425867382e+02
2.792642144683986203e+02
2.801594092382721897e+02
2.810543071006961213e+02
2.819489082992677709e+02
2.828432130726715172e+02
2.837372216546568211e+02
2.846309342740165107e+02
2.855243511545645561e+02
2.864174725151140137e+02
2.873102985694548011e+02
2.882028295263313566e+02
2.890950655894201304e+02
2.899870069573070737e+02
2.908786538234649584e+02
2.917700063762306399e+02
2.926610647987821494e+02
2.935518292691157853e+02
2.944422999600229787e+02
2.953324770390671574e+02
2.962223606685604409e+02
2.971119510055403339e+02
2.980012482017461934e+02
2.988902524035957526e+02
2.997789637521613031e+02
3.006673823831460481e+02
3.015555084268602286e+02
3.024433420081971917e+02
3.033308832466092326e+02
3.042181322560834928e+02
3.051050891451178586e+02
3.059917540166965182e+02
3.068781269682654624e+02
3.077642080917080989e+02
3.086499974733206386e+02
3.095354951937873125e+02
3.104207013281557579e+02
3.113056159458120078e+02
3.121902391104555363e+02
3.130745708800743046e+02
3.139586113069196358e+02
3.148423604374809202e+02
3.157258183124604329e+02
3.166089849667478688e+02
3.174918604293949898e+02
3.183744447235899884e+02
3.192567378666319655e+02
3.201387398699052369e+02
3.210204507388534694e+02
3.219018704729540445e+02
3.227829990656919108e+02
3.236638365045338332e+02
3.245443827709021889e+02
3.254246378401488755e+02
3.263046016815291637e+02
3.271842742581753782e+02
3.280636555270706367e+02
3.289427454390223602e+02
3.298215439386360117e+02
3.307000509642883230e+02
3.315782664481009760e+02
3.324561903159137728e+02
3.333338224872580895e+02
3.342111628753299897e+02
3.350882113869635646e+02
3.359649679226039893e+02
3.368414323762806930e+02
3.377176046355803010e+02
3.385934845816196912e+02
3.394690720890189937e+02
3.403443670258744191e+02
3.412193692537311449e+02
3.420940786275562004e+02
3.429684949957111826e+02
3.438426181999250275e+02
3.447164480752667259e+02
3.455899844501180382e+02
3.464632271461460959e+02
3.473361759782760601e+02
3.482088307546636656e+02
3.490811912766678233e+02
3.499532573388231640e+02
3.508250287288125833e+02
3.516965052274397294e+02
3.525676866086014911e+02
3.534385726392604852e+02
3.543091630794174876e+02
3.551794576820839779e+02
3.560494561932544570e+02
3.569191583518790480e+02
3.577885638898357570e+02
3.586576725319030174e+02
3.595264839957322351e+02
3.603949979918200484e+02
3.612632142234808725e+02
3.621311323868194449e+02
3.629987521707031988e+02
3.638660732567347509e+02
3.647330953192245602e+02
3.655998180251633016e+02
3.664662410341945815e+02
3.673323639985874820e+02
3.681981865632091626e+02
3.690637083654974617e+02
3.699289290354337822e+02
3.707938481955156362e+02
3.716584654607295306e+02
3.725227804385237391e+02
3.733867927287813018e+02
3.742505019237927968e+02
3.751139076082293968e+02
3.759770093591159821e+02
3.768398067458041965e+02
3.777022993299455607e+02
3.785644866654648695e+02
3.794263682985333617e+02
3.802879437675422878e+02
3.811492126030762506e+02
3.820101743278868867e+02
3.828708284568664340e+02
3.837311744970215841e+02
3.845912119474472775e+02
3.854509402993006688e+02
3.863103590357751500e+02
3.871694676320746566e+02
3.880282655553878044e+02
3.888867522648623662e+02
3.897449272115797498e+02
3.906027898385297021e+02
3.914603395805851278e+02
3.923175758644769076e+02
3.931744981087690576e+02
3.940311057238338890e+02
3.948873981118273377e+02
3.957433746666645220e+02
3.965990347739954132e+02
3.974543778111807342e+02
3.983094031472678580e+02
3.991641101429669902e+02
4.000184981506275790e+02
4.008725665142148955e+02
4.017263145692867283e+02
4.025797416429702480e+02
4.034328470539392697e+02
4.042856301123914591e+02
4.051380901200259927e+02
4.059902263700212188e+02
4.068420381470127154e+02
4.076935247270714626e+02
4.085446853776823559e+02
4.093955193577227760e+02
4.102460259174416137e+02
4.110962042984384652e+02
4.119460537336429411e+02
4.127955734472945437e+02
4.136447626549224879e+02
4.144936205633260329e+02
4.153421463705549286e+02
4.161903392658904295e+02
4.170381984298260818e+02
4.178857230340494766e+02
4.187329122414236622e+02
4.195797652059693519e+02
4.204262810728472459e+02
4.212724589783406941e+02
4.221182980498386428e+02
4.229637974058190935e+02
4.238089561558327318e+02
4.246537734004869549e+02
4.254982482314302956e+02
4.263423797313372461e+02
4.271861669738934211e+02
4.280296090237810063e+02
4.288727049366646611e+02
4.297154537591779899e+02
4.305578545289101839e+02
4.313999062743930608e+02
4.322416080150887865e+02
4.330829587613777107e+02
4.339239575145468848e+02
4.347646032667788631e+02
4.356048950011410170e+02
4.364448316915753594e+02
4.372844123028885974e+02
4.381236357907430374e+02
4.389625011016476037e+02
4.398010071729496531e+02
4.406391529328270167e+02
4.414769373002807242e+02
4.423143591851281826e+02
4.431514174879968664e+02
4.439881111003185765e+02
4.448244389043241540e+02
4.456603997730389324e+02
4.464959925702784176e+02
4.473312161506448774e+02
4.481660693595242719e+02
4.490005510330838661e+02
4.498346599982703538e+02
4.506683950728087211e+02
4.515017550652016212e+02
4.523347387747292032e+02
4.531673449914499088e+02
4.539995724962016652e+02
4.548314200606037616e+02
4.556628864470593498e+02
4.564939704087587415e+02
4.573246706896831597e+02
4.581549860246093431e+02
4.589849151391148325e+02
4.598144567495837123e+02
4.606436095632133743e+02
4.614723722780218509e+02
4.623007435828558869e+02
4.631287221573996362e+02
4.639563066721842688e+02
4.647834957885982021e+02
4.656102881588981859e+02
4.664366824262211253e+02
4.672626772245966436e+02
4.680882711789603263e+02
4.689134629051681031e+02
4.697382510100110835e+02
4.705626340912313026e+02
4.713866107375384900e+02
4.722101795286272932e+02
4.730333390351957519e+02
4.738560878189643404e+02
4.746784244326959197e+02
4.755003474202165989e+02
4.763218553164376203e+02
4.771429466473777552e+02
4.779636199301870079e+02
4.787838736731709446e+02
4.796037063758160457e+02
4.804231165288160241e+02
4.812421026140989397e+02
4.820606631048554505e+02
4.828787964655678024e+02
4.836965011520399003e+02
4.845137756114283434e+02
4.853306182822744290e+02
4.861470275945371782e+02
4.869630019696272711e+02
4.877785398204419494e+02
4.885936395514011679e+02
4.894082995584846003e+02
4.902225182292694967e+02
4.910362939429700191e+02
4.918496250704772592e+02
4.926625099744003933e+02
4.934749470091090870e+02
4.942869345207766401e+02
4.950984708474245508e+02
4.959095543189679915e+02
4.967201832572623061e+02
4.975303559761507586e+02
4.983400707815134751e+02
4.991493259713171824e+02
4.999581198356664231e+02
5.007664506568556817e+02
5.015743167094227601e+02
5.023817162602032909e+02
5.031886475683862727e+02
5.039951088855710282e+02
5.048010984558251266e+02
5.056066145157436722e+02
5.064116552945093872e+02
5.072162190139545146e+02
5.080203038886232321e+02
5.088239081258358851e+02
5.096270299257540159e+02
5.104296674814466996e+02
5.112318189789583016e+02
5.120334825973772013e+02
5.128346565089058231e+02
5.136353388789320888e+02
5.144355278661020066e+02
5.152352216223933965e+02
5.160344182931908108e+02
5.168331160173621583e+02
5.176313129273362392e+02
5.184290071491814160e+02
5.192261968026858767e+02
5.200228800014392618e+02
5.208190548529150874e+02
5.216147194585548732e+02
5.224098719138534079e+02
5.232045103084453785e+02
5.239986327261931365e+02
5.247922372452760555e+02
5.255853219382807993e+02
5.263778848722934072e+02
5.271699241089920633e+02
5.279614377047417975e+02
5.287524237106899818e+02
5.295428801728634198e+02
5.303328051322669126e+02
5.311221966249827346e+02
5.319110526822714746e+02
5.326993713306746940e+02
5.334871505921182688e+02
5.342743884840175497e+02
5.350610830193833181e+02
5.358472322069297888e+02
5.366328340511830675e+02
5.374178865525917672e+02
5.382023877076381950e+02
5.389863355089514698e+02
5.397697279454215504e+02
5.405525630023147414e+02
5.413348386613904495e+02
5.421165529010191904e+02
5.428977036963023011e+02
5.436782890191922206e+02
5.444583068386148170e+02
5.452377551205923965e+02
5.460166318283685314e+02
5.467949349225337983e+02
5.475726623611528794e+02
5.483498120998930290e+02
5.491263820921537899e+02
5.499023702891979610e+02
5.506777746402837010e+02
5.514525930927982245e+02
5.522268235923922930e+02
5.530004640831164124e+02
5.537735125075575979e+02
5.545459668069784129e+02
5.553178249214561220e+02
5.560890847900236622e+02
5.568597443508118658e+02
5.576298015411925917e+02
5.583992542979231075e+02
5.591681005572918366e+02
5.599363382552649000e+02
5.607039653276344779e+02
5.614709797101673985e+02
5.622373793387557726e+02
5.630031621495679701e+02
5.637683260792014153e+02
5.645328690648358361e+02
5.652967890443882197e+02
5.660600839566682225e+02
5.668227517415352850e+02
5.675847903400560881e+02
5.683461976946638288e+02
5.691069717493178359e+02
5.698671104496645512e+02
5.706266117431995326e+02
5.713854735794302542e+02
5.721436939100399286e+02
5.729012706890524669e+02
5.736582018729980064e+02
5.744144854210796893e+02
5.751701192953411237e+02
5.759251014608350943e+02
5.766794298857926151e+02
5.774331025417931187e+02
5.781861174039355546e+02
5.789384724510101705e+02
5.796901656656708610e+02
5.804411950346091089e+02
5.811915585487274711e+02
5.819412542033149975e+02
5.826902799982226497e+02
5.834386339380392883e+02
5.841863140322691379e+02
5.849333182955091388e+02
5.856796447476272078e+02
5.864252914139411814e+02
5.871702563253983271e+02
5.879145375187551963e+02
5.886581330367586133e+02
5.894010409283262106e+02
5.901432592487286684e+02
5.908847860597712724e+02
5.916256194299768367e+02
5.923657574347683976e+02
5.931051981566529321e+02
5.938439396854048482e+02
5.945819801182501578e+02
5.953193175600512177e+02
5.960559501234911295e+02
5.967918759292589357e+02
5.975270931062349291e+02
5.982615997916763035e+02
5.989953941314026906e+02
5.997284742799821515e+02
6.004608384009175097e+02
6.011924846668320015e+02
6.019234112596561772e+02
6.026536163708136655e+02
6.033830982014080746e+02
6.041118549624090974e+02
6.048398848748389582e+02
6.055671861699588590e+02
6.062937570894551982e+02
6.070195958856257903e+02
6.077447008215657434e+02
6.084690701713534509e+02
6.091927022202364697e+02
6.099155952648166021e+02
6.106377476132354332e+02
6.113591575853592985e+02
6.120798235129635714e+02
6.127997437399174032e+02
6.135189166223674420e+02
6.142373405289212087e+02
6.149550138408305884e+02
6.156719349521740696e+02
6.163881022700390986e+02
6.171035142147037504e+02
6.178181692198178325e+02
6.185320657325830780e+02
6.192452022139333394e+02
6.199575771387136456e+02
6.206691889958588035e+02
6.213800362885713184e+02
6.220901175344982903e+02
6.227994312659080833e+02
6.235079760298654037e+02
6.242157503884064909e+02
6.249227529187123764e+02
6.256289822132823701e+02
6.263344368801056135e+02
6.270391155428324055e+02
6.277430168409441649e+02
6.284461394299224821e+02
6.291484819814169214e+02
6.298500431834120263e+02
6.305508217403931894e+02
6.312508163735110429e+02
6.319500258207451679e+02
6.326484488370660983e+02
6.333460841945963011e+02
6.340429306827701339e+02
6.347389871084919832e+02
6.354342522962934936e+02
6.361287250884892046e+02
6.368224043453310514e+02
6.375152889451608189e+02
6.382073777845622544e+02
6.388986697785103388e+02
6.395891638605203298e+02
6.402788589827941905e+02
6.409677541163661090e+02
6.416558482512463115e+02
6.423431403965631716e+02
6.430296295807033857e+02
6.437153148514508985e+02
6.444001952761240091e+02
6.450842699417105450e+02
6.457675379550014441e+02
6.464499984427224035e+02
6.471316505516639381e+02
6.478124934488091640e+02
6.484925263214602182e+02
6.491717483773624053e+02
6.498501588448264101e+02
6.505277569728488061e+02
6.512045420312304032e+02
6.518805133106926633e+02
6.525556701229920691e+02
6.532300118010322194e+02
6.539035376989742190e+02
6.545762471923447947e+02
6.552481396781420244e+02
6.559192145749393603e+02
6.565894713229873787e+02
6.572589093843130286e+02
6.579275282428168339e+02
6.585953274043681631e+02
6.592623063968976567e+02
6.599284647704879490e+02
6.605938020974615483e+02
6.612583179724670117e+02
6.619220120125620497e+02
6.625848838572949262e+02
6.632469331687832437e+02
6.639081596317902267e+02
6.645685629537986188e+02
6.652281428650823045e+02
6.658868991187754318e+02
6.665448314909389183e+02
6.672019397806247980e+02
6.678582238099376127e+02
6.685136834240937560e+02
6.691683184914780895e+02
6.698221289036980579e+02
6.704751145756351889e+02
6.711272754454940923e+02
6.717786114748489581e+02
6.724291226486874393e+02
6.730788089754516932e+02
6.737276704870772619e+02
6.743757072390291114e+02
6.750229193103350553e+02
6.756693068036163368e+02
6.763148698451160499e+02
6.769596085847244922e+02
6.776035231960022429e+02
6.782466138762000583e+02
6.788888808462767201e+02
6.795303243509137019e+02
6.801709446585274463e+02
6.808107420612789156e+02
6.814497168750804121e+02
6.820878694395997854e+02
6.827252001182616823e+02
6.833617092982467511e+02
6.839973973904872082e+02
6.846322648296606985e+02
6.852663120741808598e+02
6.858995396061852716e+02
6.865319479315207900e+02
6.871635375797263805e+02
6.877943091040127683e+02
6.884242630812401558e+02
6.890534001118925289e+02
6.896817208200494633e+02
6.903092258533558834e+02
6.909359158829880698e+02
6.915617916036181896e+02
6.921868537333749600e+02
6.928111030138029491e+02
6.934345402098180102e+02
6.940571661096610114e+02
6.946789815248484956e+02
6.952999872901208391e+02
6.959201842633877959e+02
6.965395733256714266e+02
6.971581553810464129e+02
6.977759313565779848e+02
6.983929022022572326e+02
6.990090688909334631e+02
6.996244324182446235e+02
7.002389938025451102e+02
7.008527540848306217e+02
7.014657143286609653e+02
7.020778756200801354e+02
7.026892390675342313e+02
7.032998058017865333e+02
7.039095769758304186e+02
7.045185537647998899e+02
7.051267373658777160e+02
7.057341289982008448e+02
7.063407299027639965e+02
7.069465413423205291e+02
7.075515646012812567e+02
7.081558009856106537e+02
7.087592518227210121e+02
7.093619184613646667e+02
7.099638022715230363e+02
7.105649046442945291e+02
7.111652269917797184e+02
7.117647707469641318e+02
7.123635373635995620e+02
7.129615283160825356e+02
7.135587450993314178e+02
7.141551892286609018e+02
7.147508622396544524e+02
7.153457656880351578e+02
7.159399011495343075e+02
7.165332702197580375e+02
7.171258745140519295e+02
7.177177156673639047e+02
7.183087953341049570e+02
7.188991151880086363e+02
7.194886769219878033e+02
7.200774822479902468e+02
7.206655328968523690e+02
7.212528306181510516e+02
7.218393771800537024e+02
7.224251743691669390e+02
7.230102239903834516e+02
7.235945278667269349e+02
7.241780878391961096e+02
7.247609057666063563e+02
7.253429835254305544e+02
7.259243230096378738e+02
7.265049261305315440e+02
7.270847948165845764e+02
7.276639310132748051e+02
7.282423366829178804e+02
7.288200138044995811e+02
7.293969643735059663e+02
7.299731904017531861e+02
7.305486939172152461e+02
7.311234769638509761e+02
7.316975416014297480e+02
7.322708899053559435e+02
7.328435239664925120e+02
7.334154458909830510e+02
7.339866578000730897e+02
7.345571618299306920e+02
7.351269601314651254e+02
7.356960548701455309e+02
7.362644482258182279e+02
7.368321423925231102e+02
7.373991395783093594e+02
7.379654420050500221e+02
7.385310519082562450e+02
7.390959715368903744e+02
7.396602031531784860e+02
7.402237490324222335e+02
7.407866114628100149e+02
7.413487927452274562e+02
7.419102951930674408e+02
7.424711211320394568e+02
7.430312728999782621e+02
7.435907528466526628e+02
7.441495633335731554e+02
7.447077067337993412e+02
7.452651854317471134e+02
7.458220018229955031e+02
7.463781583140927296e+02
7.469336573223628193e+02
7.474885012757108598e+02
7.480426926124290503e+02
7.485962337810018425e+02
7.491491272399113086e+02
7.497013754574421682e+02
7.502529809114867021e+02
7.508039460893498926e+02
7.513542734875539963e+02
7.519039656116436845e+02
7.524530249759907292e+02
7.530014541035989168e+02
7.535492555259093024e+02
7.540964317826048955e+02
7.546429854214163697e+02
7.551889189979272032e+02
7.557342350753792743e+02
7.562789362244789118e+02
7.568230250232027174e+02
7.573665040566041853e+02
7.579093759166203199e+02
7.584516432018787100e+02
7.589933085175047154e+02
7.595343744749294501e+02
7.600748436916981063e+02
7.606147187912785057e+02
7.611540024028701055e+02
7.616926971612138004e+02
7.622308057064022933e+02
7.627683306836903512e+02
7.633052747433065406e+02
7.638416405402649616e+02
7.643774307341776648e+02
7.649126479890682049e+02
7.654472949731853078e+02
7.659813743588172201e+02
7.665148888221073094e+02
7.670478410428702318e+02
7.675802337044082151e+02
7.681120694933291588e+02
7.686433510993649634e+02
7.691740812151905402e+02
7.697042625362440731e+02
7.702338977605481887e+02
7.707629895885314681e+02
7.712915407228515505e+02
7.718195538682188044e+02
7.723470317312207953e+02
7.728739770201483452e+02
7.734003924448218186e+02
7.739262807164191145e+02
7.744516445473041131e+02
7.749764866508564864e+02
7.755008097413026462e+02
7.760246165335476007e+02
7.765479097430077218e+02
7.770706920854451027e+02
7.775929662768027129e+02
7.781147350330406880e+02
7.786360010699739860e+02
7.791567671031110649e+02
7.796770358474936984e+02
7.801968100175380414e+02
7.807160923268770603e+02
7.812348854882039859e+02
7.817531922131171314e+02
7.822710152119657323e+02
7.827883571936973794e+02
7.833052208657065876e+02
7.838216089336845016e+02
7.843375241014700805e+02
7.848529690709025317e+02
7.853679465416749963e+02
7.858824592111897118e+02
7.863965097744144259e+02
7.869101009237399467e+02
7.874232353488392846e+02
7.879359157365282726e+02
7.884481447706270956e+02
7.889599251318237521e+02
7.894712594975384263e+02
7.899821505417894514e+02
7.904926009350606364e+02
7.910026133441699585e+02
7.915121904321398461e+02
7.920213348580685988e+02
7.925300492770032861e+02
7.930383363398141228e+02
7.935461986930702096e+02
7.940536389789170926e+02
7.945606598349547767e+02
7.950672638941184687e+02
7.955734537845593195e+02
7.960792321295281226e+02
7.965846015472590125e+02
7.970895646508557775e+02
7.975941240481788554e+02
7.980982823417339205e+02
7.986020421285622888e+02
7.991054060001323478e+02
7.996083765422324632e+02
8.001109563348657048e+02
8.006131479521453684e+02
8.011149539621926579e+02
8.016163769270353896e+02
8.021174194025081761e+02
8.026180839381539727e+02
8.031183730771274440e+02
8.036182893560992397e+02
8.041178353051622025e+02
8.046170134477384863e+02
8.051158263004887203e+02
8.056142763732219692e+02
8.061123661688075117e+02
8.066100981830880983e+02
8.071074749047942305e+02
8.076044988154602606e+02
8.081011723893414000e+02
8.085974980933330016e+02
8.090934783868901832e+02
8.095891157219494971e+02
8.100844125428520783e+02
8.105793712862677012e+02
8.110739943811204284e+02
8.115682842485157380e+02
8.120622433016691275e+02
8.125558739458355149e+02
8.130491785782405714e+02
8.135421595880134191e+02
8.140348193561200105e+02
8.145271602552986678e+02
8.150191846499963049e+02
8.155108948963064677e+02
8.160022933419082847e+02
8.164933823260070085e+02
8.169841641792758082e+02
8.174746412237985851e+02
8.179648157730146067e+02
8.184546901316638241e+02
8.189442665957337795e+02
8.194335474524079928e+02
8.199225349777966585e+02
8.204112314344623655e+02
8.208996390725358197e+02
8.213877601297405135e+02
8.218755968314189886e+02
8.223631513905587553e+02
8.228504260078198058e+02
8.233374228715624668e+02
8.238241441578758213e+02
8.243105920306070402e+02
8.247967686413911679e+02
8.252826761296819313e+02
8.257683166227827769e+02
8.262536922358785887e+02
