3.000000000000000000e+01
2.998512356635664489e+01
2.997027869833172886e+01
2.995546531626151676e+01
2.994068334098383133e+01
2.992593269383651489e+01
2.991121329665591233e+01
2.989652507177535412e+01
2.988186794202367125e+01
2.986724183072369243e+01
2.985264666169078751e+01
2.983808235923138596e+01
2.982354884814154161e+01
2.980904605370547600e+01
2.979457390169415731e+01
2.978013231836386865e+01
2.976572123045479756e+01
2.975134056518964343e+01
2.973699025027221410e+01
2.972267021388604036e+01
2.970838038469300812e+01
2.969412069183199065e+01
2.967989106491748075e+01
2.966569143403825137e+01
2.965152172975600919e+01
2.963738188310406230e+01
2.962327182558598793e+01
2.960919148917431798e+01
2.959514080630922095e+01
2.958111970989720518e+01
2.956712813330980794e+01
2.955316601038231283e+01
2.953923327541246024e+01
2.952532986315916119e+01
2.951145570884123259e+01
2.949761074813612183e+01
2.948379491717864198e+01
2.947000815255971773e+01
2.945625039132512768e+01
2.944252157097426092e+01
2.942882162945887004e+01
2.941515050518183472e+01
2.940150813699591836e+01
2.938789446420254592e+01
2.937430942655057464e+01
2.936075296423506487e+01
2.934722501789606852e+01
2.933372552861740701e+01
2.932025443792545616e+01
2.930681168778794188e+01
2.929339722061273221e+01
2.928001097924662233e+01
2.926665290697414079e+01
2.925332294751634876e+01
2.924002104502964272e+01
2.922674714410455010e+01
2.921350118976454269e+01
2.920028312746483934e+01
2.918709290309122295e+01
2.917393046295883607e+01
2.916079575381100497e+01
2.914768872281804590e+01
2.913460931757607852e+01
2.912155748610583927e+01
2.910853317685149122e+01
2.909553633867944811e+01
2.908256692087718420e+01
2.906962487315204413e+01
2.905671014563005983e+01
2.904382268885477103e+01
2.903096245378603157e+01
2.901812939179882633e+01
2.900532345468208106e+01
2.899254459463747580e+01
2.897979276427825823e+01
2.896706791662805003e+01
2.895437000511965664e+01
2.894169898359386650e+01
2.892905480629827508e+01
2.891643742788606986e+01
2.890384680341484014e+01
2.889128288834537983e+01
2.887874563854047949e+01
2.886623501026372551e+01
2.885375096017829577e+01
2.884129344534574813e+01
2.882886242322480541e+01
2.881645785167015106e+01
2.880407968893119630e+01
2.879172789365087937e+01
2.877940242486442912e+01
2.876710324199814295e+01
2.875483030486815395e+01
2.874258357367920524e+01
2.873036300902340656e+01
2.871816857187900141e+01
2.870600022360910941e+01
2.869385792596049711e+01
2.868174164106231316e+01
2.866965133142483424e+01
2.865758695993821092e+01
2.864554848987119584e+01
2.863353588486987888e+01
2.862154910895641180e+01
2.860958812652773631e+01
2.859765290235429092e+01
2.858574340157873195e+01
2.857385958971463680e+01
2.856200143264520719e+01
2.855016889662197244e+01
2.853836194826346784e+01
2.852658053060948617e+01
2.851482455669315996e+01
2.850309393947310355e+01
2.849138859183021211e+01
2.847970842656445356e+01
2.846805335639165335e+01
2.845642329394026859e+01
2.844481815174816930e+01
2.843323784225939477e+01
2.842168227782091705e+01
2.841015137067939733e+01
2.839864503297793519e+01
2.838716317675280010e+01
2.837570571393017360e+01
2.836427255632288080e+01
2.835286361562711122e+01
2.834147880341913606e+01
2.833011803115201488e+01
2.831878121015231287e+01
2.830746825161678615e+01
2.829617906660908844e+01
2.828491356605645279e+01
2.827367166074637339e+01
2.826245326132328373e+01
2.825125827828522773e+01
2.824008662198052733e+01
2.822893820260443221e+01
2.821781293019578740e+01
2.820671071463367241e+01
2.819563146563404743e+01
2.818457509274639250e+01
2.817354150535033952e+01
2.816253061265229363e+01
2.815154232368206166e+01
2.814057654728946645e+01
2.812963319214095748e+01
2.811871216671621454e+01
2.810781337930475487e+01
2.809693673800252611e+01
2.808608215070848857e+01
2.807524952512121530e+01
2.806443876873546728e+01
2.805364978883876503e+01
2.804288249250796383e+01
2.803213678660582175e+01
2.802141257777755712e+01
2.801070977244740945e+01
2.800002827681518980e+01
2.798936799685283461e+01
2.797872883830093471e+01
2.796811070666529275e+01
2.795751350721344508e+01
2.794693714497119430e+01
2.793638152471914182e+01
2.792584655098920265e+01
2.791533212806112374e+01
2.790483815995900230e+01
2.789436455044778995e+01
2.788391120302980397e+01
2.787347802094122784e+01
2.786306490714860473e+01
2.785267176434533454e+01
2.784229849494817088e+01
2.783194500109369329e+01
2.782161118463480776e+01
2.781129694713721534e+01
2.780100218987588789e+01
2.779072681383155086e+01
2.778047071968714121e+01
2.777023380782428674e+01
2.776001597831976042e+01
2.774981713094194191e+01
2.773963716514727906e+01
2.772947598007673520e+01
2.771933347455225061e+01
2.770920954707318629e+01
2.769910409581276767e+01
2.768901701861453191e+01
2.767894821298877162e+01
2.766889757610896083e+01
2.765886500480821297e+01
2.764885039557569257e+01
2.763885364455305904e+01
2.762887464753089617e+01
2.761891329994513811e+01
2.760896949687349533e+01
2.759904313303187706e+01
2.758913410277081013e+01
2.757924230007187205e+01
2.756936761854409923e+01
2.755950995142040227e+01
2.754966919155399196e+01
2.753984523141478746e+01
2.753003796308582807e+01
2.752024727825969208e+01
2.751047306823490501e+01
2.750071522391234424e+01
2.749097363579165787e+01
2.748124819396767293e+01
2.747153878812679650e+01
2.746184530754342745e+01
2.745216764107636820e+01
2.744250567716522582e+01
2.743285930382682380e+01
2.742322840865160316e+01
2.741361287880003772e+01
2.740401260099903169e+01
2.739442746153833852e+01
2.738485734626696200e+01
2.737530214058956091e+01
2.736576172946286789e+01
2.735623599739209411e+01
2.734672482842733743e+01
2.733722810616000487e+01
2.732774571371921013e+01
2.731827753376819956e+01
2.730882344850076748e+01
2.729938333963767150e+01
2.728995708842304779e+01
2.728054457562083712e+01
2.727114568151120721e+01
2.726176028588697875e+01
2.725238826805004777e+01
2.724302950680781876e+01
2.723368388046964483e+01
2.722435126684324658e+01
2.721503154323116647e+01
2.720572458642719837e+01
2.719643027271283842e+01
2.718714847785373223e+01
2.717787907709612227e+01
2.716862194516331286e+01
2.715937695625211390e+01
2.715014398402932017e+01
2.714092290162816923e+01
2.713171358164481362e+01
2.712251589613480363e+01
2.711332971660955948e+01
2.710415491403286836e+01
2.709499135881736720e+01
2.708583892082104327e+01
2.707669746934373833e+01
2.706756687312365628e+01
2.705844700033387440e+01
2.704933771857886882e+01
2.704023889489104349e+01
2.703115039572725919e+01
2.702207208696537322e+01
2.701300383390079318e+01
2.700394550124303095e+01
2.699489695311226711e+01
2.698585805303591556e+01
2.697682866394520929e+01
2.696780864817178625e+01
2.695879786744428230e+01
2.694979618288494549e+01
2.694080345500623608e+01
2.693181954370746567e+01
2.692284430827141861e+01
2.691387760736099821e+01
2.690491929901588719e+01
2.689596924064920458e+01
2.688702728904418038e+01
2.687809330035084798e+01
2.686916713008273661e+01
2.686024863311358146e+01
2.685133766367404817e+01
2.684243407534846071e+01
2.683353772107155422e+01
2.682464845312523138e+01
2.681576612313534014e+01
2.680689058206845132e+01
2.679802168022866837e+01
2.678915926725444052e+01
2.678030319211539023e+01
2.677145330310916549e+01
2.676260944785828855e+01
2.675377147330704730e+01
2.674493922571837956e+01
2.673611255067078574e+01
2.672729129305525930e+01
2.671847529707222435e+01
2.670966440622850868e+01
2.670085846333431334e+01
2.669205731050022479e+01
2.668326078913422350e+01
2.667446873993873524e+01
2.666568100290767873e+01
2.665689741732355245e+01
2.664811782175453558e+01
2.663934205405161038e+01
2.663056995134570570e+01
2.662180135004486914e+01
2.661303608583145675e+01
2.660427399365934065e+01
2.659551490775115923e+01
2.658675866159557089e+01
2.657800508794454686e+01
2.656925401881068893e+01
2.656050528546456491e+01
2.655175871843207958e+01
2.654301414749186705e+01
2.653427140167272213e+01
2.652553030925104594e+01
2.651679069774832698e+01
2.650805239392865431e+01
2.649931522379626259e+01
2.649057901259310199e+01
2.648184358479644374e+01
2.647310876411652103e+01
2.646437437349419497e+01
2.645564023509866303e+01
2.644690617032519953e+01
2.643817199979292454e+01
2.642943754334262252e+01
2.642070262003458225e+01
2.641196704814649010e+01
2.640323064517134455e+01
2.639449322781542051e+01
2.638575461199627981e+01
2.637701461284079940e+01
2.636827304468326716e+01
2.635952972106350245e+01
2.635078445472501940e+01
2.634203705761325409e+01
2.633328734087380596e+01
2.632453511485075381e+01
2.631578018908499317e+01
2.630702237231263751e+01
2.629826147246346935e+01
2.628949729665942314e+01
2.628072965121313587e+01
2.627195834162653298e+01
2.626318317258948554e+01
2.625440394797849919e+01
2.624562047085547434e+01
2.623683254346651239e+01
2.622803996724077180e+01
2.621924254278939515e+01
2.621044006990448949e+01
2.620163234755815296e+01
2.619281917390157588e+01
2.618400034626420592e+01
2.617517566115295580e+01
2.616634491425149278e+01
2.615750790041958496e+01
2.614866441369251149e+01
2.613981424728053682e+01
2.613095719356847013e+01
2.612209304411527100e+01
2.611322158965373674e+01
2.610434262009025375e+01
2.609545592450463758e+01
2.608656129115002997e+01
2.607765850745287040e+01
2.606874736001295645e+01
2.605982763460357887e+01
2.605089911617172049e+01
2.604196158883835110e+01
2.603301483589880050e+01
2.602405863982320611e+01
2.601509278225706367e+01
2.600611704402183122e+01
2.599713120511565023e+01
2.598813504471414859e+01
2.597912834117131098e+01
2.597011087202047364e+01
2.596108241397538308e+01
2.595204274293136848e+01
2.594299163396659225e+01
2.593392886134341779e+01
2.592485419850985195e+01
2.591576741810110462e+01
2.590666829194124432e+01
2.589755659104495678e+01
2.588843208561940301e+01
2.587929454506618754e+01
2.587014373798344025e+01
2.586097943216799067e+01
2.585180139461767013e+01
2.584260939153372050e+01
2.583340318832330595e+01
2.582418254960215975e+01
2.581494723919732692e+01
2.580569702015004196e+01
2.579643165471872734e+01
2.578715090438209856e+01
2.577785452984240777e+01
2.576854229102880467e+01
2.575921394710083234e+01
2.574986925645204039e+01
2.574050797671374369e+01
2.573112986475890551e+01
2.572173467670614500e+01
2.571232216792390801e+01
2.570289209303474109e+01
2.569344420591973588e+01
2.568397825972309789e+01
2.567449400685686456e+01
2.566499119900575820e+01
2.565546958713220249e+01
2.564592892148148096e+01
2.563636895158703766e+01
2.562678942627594125e+01
2.561719009367450184e+01
2.560757070121404055e+01
2.559793099563681196e+01
2.558827072300210759e+01
2.557858962869249098e+01
2.556888745742022451e+01
2.555916395323384549e+01
2.554941885952491276e+01
2.553965191903493448e+01
2.552986287386244868e+01
2.552005146547028502e+01
2.551021743469301484e+01
2.550036052174455392e+01
2.549048046622596786e+01
2.548057700713344431e+01
2.547064988286645715e+01
2.546069883123610467e+01
2.545072358947364322e+01
2.544072389423921621e+01
2.543069948163076077e+01
2.542065008719310626e+01
2.541057544592728235e+01
2.540047529230001899e+01
2.539034936025343114e+01
2.538019738321492369e+01
2.537001909410728473e+01
2.535981422535899199e+01
2.534958250891471820e+01
2.533932367624605675e+01
2.532903745836243559e+01
2.531872358582227278e+01
2.530838178874432387e+01
2.529801179681924594e+01
2.528761333932139621e+01
2.527718614512082951e+01
2.526672994269553385e+01
2.525624446014387559e+01
2.524572942519728258e+01
2.523518456523314057e+01
2.522460960728793467e+01
2.521400427807059685e+01
2.520336830397611649e+01
2.519270141109935679e+01
2.518200332524912710e+01
2.517127377196247906e+01
2.516051247651924427e+01
2.514971916395682072e+01
2.513889355908519008e+01
2.512803538650218727e+01
2.511714437060901517e+01
2.510622023562599026e+01
2.509526270560856887e+01
2.508427150446358667e+01
2.507324635596577522e+01
2.506218698377452014e+01
2.505109311145088213e+01
2.503996446247486318e+01
2.502880076026293565e+01
2.501760172818582362e+01
2.500636708958655774e+01
2.499509656779877886e+01
2.498378988616529739e+01
2.497244676805693686e+01
2.496106693689162981e+01
2.494965011615376937e+01
2.493819602941384161e+01
2.492670440034832779e+01
2.491517495275986249e+01
2.490360741059765814e+01
2.489200149797822448e+01
2.488035693920633307e+01
2.486867345879626612e+01
2.485695078149332815e+01
2.484518863229565255e+01
2.483338673647625328e+01
2.482154481960536785e+01
2.480966260757307751e+01
2.479773982661219378e+01
2.478577620332142217e+01
2.477377146468881008e+01
2.476172533811546117e+01
2.474963755143953037e+01
2.473750783296049960e+01
2.472533591146371990e+01
2.471312151624524489e+01
2.470086437713692717e+01
2.468856422453180599e+01
2.467622078940975427e+01
2.466383380336341702e+01
2.465140299862441964e+01
2.463892810808985345e+01
2.462640886534903117e+01
2.461384500471053016e+01
2.460123626122949148e+01
2.458858237073521380e+01
2.457588306985899962e+01
2.456313809606228915e+01
2.455034718766506074e+01
2.453751008387449417e+01
2.452462652481391459e+01
2.451169625155199583e+01
2.449871900613223374e+01
2.448569453160268594e+01
2.447262257204597447e+01
2.445950287260955491e+01
2.444633517953623425e+01
2.443311924019496928e+01
2.441985480311189605e+01
2.440654161800163990e+01
2.439317943579886716e+01
2.437976800869008542e+01
2.436630709014570684e+01
2.435279643495234225e+01
2.433923579924535119e+01
2.432562494054164048e+01
2.431196361777268322e+01
2.429825159131779344e+01
2.428448862303763534e+01
2.427067447630794916e+01
2.425680891605352585e+01
2.424289170878239119e+01
2.422892262262022811e+01
2.421490142734500495e+01
2.420082789442183469e+01
2.418670179703803669e+01
2.417252291013841159e+01
2.415829101046072225e+01
2.414400587657138075e+01
2.412966728890132728e+01
2.411527502978210791e+01
2.410082888348214425e+01
2.408632863624319143e+01
2.407177407631696298e+01
2.405716499400195474e+01
2.404250118168043215e+01
2.402778243385558454e+01
2.401300854718884281e+01
2.399817932053736413e+01
2.398329455499166230e+01
2.396835405391339435e+01
2.395335762297328230e+01
2.393830507018918752e+01
2.392319620596429885e+01
2.390803084312547000e+01
2.389280879696166693e+01
2.387752988526252551e+01
2.386219392835704411e+01
2.384680074915235437e+01
2.383135017317260562e+01
2.381584202859793820e+01
2.380027614630354194e+01
2.378465235989880000e+01
2.376897050576650017e+01
2.375323042310211363e+01
2.373743195395313776e+01
2.372157494325849569e+01
2.370565923888796789e+01
2.368968469168167701e+01
2.367365115548960830e+01
2.365755848721113352e+01
2.364140654683457754e+01
2.362519519747678132e+01
2.360892430542267206e+01
2.359259374016482980e+01
2.357620337444303260e+01
2.355975308428379833e+01
2.354324274903988012e+01
2.352667225142974061e+01
2.351004147757696572e+01
2.349335031704964649e+01
2.347659866289967567e+01
2.345978641170199452e+01
2.344291346359375794e+01
2.342597972231340364e+01
2.340898509523963611e+01
2.339192949343029682e+01
2.337481283166113855e+01
2.335763502846445050e+01
2.334039600616759103e+01
2.332309569093133561e+01
2.330573401278811829e+01
2.328831090568008833e+01
2.327082630749699632e+01
2.325328016011393473e+01
2.323567240942884737e+01
2.321800300539988626e+01
2.320027190208253032e+01
2.318247905766650874e+01
2.316462443451248632e+01
2.314670799918852140e+01
2.312872972250628578e+01
2.311068957955701464e+01
2.309258754974719707e+01
2.307442361683400733e+01
2.305619776896042694e+01
2.303790999869009326e+01
2.301956030304183543e+01
2.300114868352389053e+01
2.298267514616780360e+01
2.296413970156199369e+01
2.294554236488496102e+01
2.292688315593816029e+01
2.290816209917848312e+01
2.288937922375038880e+01
2.287053456351763003e+01
2.285162815709459494e+01
2.283266004787723347e+01
2.281363028407356808e+01
2.279453891873378168e+01
2.277538600977986505e+01
2.275617162003480942e+01
2.273689581725135156e+01
2.271755867414024266e+01
2.269816026839803769e+01
2.267870068273439799e+01
2.265918000489890005e+01
2.263959832770731495e+01
2.261995574906739037e+01
2.260025237200408199e+01
2.258048830468426260e+01
2.256066366044086635e+01
2.254077855779648232e+01
2.252083312048636898e+01
2.250082747748088607e+01
2.248076176300735440e+01
2.246063611657128689e+01
2.244045068297703693e+01
2.242020561234780729e+01
2.239990106014503723e+01
2.237953718718714669e+01
2.235911415966763727e+01
2.233863214917253259e+01
2.231809133269714351e+01
2.229749189266217257e+01
2.227683401692911147e+01
2.225611789881497060e+01
2.223534373710627321e+01
2.221451173607236385e+01
2.219362210547798142e+01
2.217267506059510040e+01
2.215167082221404016e+01
2.213060961665382465e+01
2.210949167577178898e+01
2.208831723697241856e+01
2.206708654321541729e+01
2.204579984302299422e+01
2.202445739048637208e+01
2.200305944527149293e+01
2.198160627262392453e+01
2.196009814337295651e+01
2.193853533393487254e+01
2.191691812631541936e+01
2.189524680811142687e+01
2.187352167251158619e+01
2.185174301829641408e+01
2.182991114983733283e+01
2.180802637709491520e+01
2.178608901561626254e+01
2.176409938653150888e+01
2.174205781654946890e+01
2.171996463795237986e+01
2.169782018858978390e+01
2.167562481187151846e+01
2.165337885675979379e+01
2.163108267776039995e+01
2.160873663491298302e+01
2.158634109378044030e+01
2.156389642543738816e+01
2.154140300645771688e+01
2.151886121890123960e+01
2.149627145029939967e+01
2.147363409364007580e+01
2.145094954735143844e+01
2.142821821528488968e+01
2.140544050669707588e+01
2.138261683623094811e+01
2.135974762389589898e+01
2.133683329504695081e+01
2.131387428036302367e+01
2.129087101582424069e+01
2.126782394268830600e+01
2.124473350746593070e+01
2.122160016189532072e+01
2.119842436291572341e+01
2.117520657264002892e+01
2.115194725832642675e+01
2.112864689234912063e+01
2.110530595216810568e+01
2.108192492029800391e+01
2.105850428427594778e+01
2.103504453662855411e+01
2.101154617483793885e+01
2.098800970130679744e+01
2.096443562332257216e+01
2.094082445302068152e+01
2.091717670734681533e+01
2.089349290801832026e+01
2.086977358148466166e+01
2.084601925888697238e+01
2.082223047601668142e+01
2.079840777327324730e+01
2.077455169562098547e+01
2.075066279254499335e+01
2.072674161800618720e+01
2.070278873039545076e+01
2.067880469248690289e+01
2.065479007139028766e+01
2.063074543850249754e+01
2.060667136945822620e+01
2.058256844407977937e+01
2.055843724632601877e+01
2.053427836424047825e+01
2.051009238989863093e+01
2.048587991935434260e+01
2.046164155258549400e+01
2.043737789343880351e+01
2.041308954957384358e+01
2.038877713240624701e+01
2.036444125705016006e+01
2.034008254225989276e+01
2.031570161037081590e+01
2.029129908723949782e+01
2.026687560218309514e+01
2.024243178791800801e+01
2.021796828049781425e+01
2.019348571925047864e+01
2.016898474671486952e+01
2.014446600857657543e+01
2.011993015360303616e+01
2.009537783357801644e+01
2.007080970323541891e+01
2.004622642019244338e+01
2.002162864488211369e+01
1.999701704048520057e+01
1.997239227286150864e+01
1.994775501048059851e+01
1.992310592435189420e+01
1.989844568795425772e+01
1.987377497716497743e+01
1.984909447018823414e+01
1.982440484748303078e+01
1.979970679169061754e+01
1.977500098756140545e+01
1.975028812188140748e+01
1.972556888339820347e+01
1.970084396274645044e+01
1.967611405237295230e+01
1.965137984646131031e+01
1.962664204085616149e+01
1.960190133298701198e+01
1.957715842179171517e+01
1.955241400763955895e+01
1.952766879225402974e+01
1.950292347863523190e+01
1.947817877098199801e+01
1.945343537461370076e+01
1.942869399589177704e+01
1.940395534214098916e+01
1.937922012157044094e+01
1.935448904319435570e+01
1.932976281675264119e+01
1.930504215263125545e+01
1.928032776178239160e+01
1.925562035564448848e+01
1.923092064606211338e+01
1.920622934520568492e+01
1.918154716549111427e+01
1.915687481949932902e+01
1.913221301989571188e+01
1.910756247934950736e+01
1.908292391045315384e+01
1.905829802564160147e+01
1.903368553711162292e+01
1.900908715674112059e+01
1.898450359600848003e+01
1.895993556591193396e+01
1.893538377688902585e+01
1.891084893873611250e+01
1.888633176052799456e+01
1.886183295053763231e+01
1.883735321615601421e+01
1.881289326381215332e+01
1.878845379889326495e+01
1.876403552566511834e+01
1.873963914719257673e+01
1.871526536526038242e+01
1.869091488029414805e+01
1.866658839128160707e+01
1.864228659569413793e+01
1.861801018940856878e+01
1.859375986662927716e+01
1.856953631981062003e+01
1.854534023957968714e+01
1.852117231465941671e+01
1.849703323179206649e+01
1.847292367566307902e+01
1.844884432882534853e+01
1.842479587162389265e+01
1.840077898212096841e+01
1.837679433602162504e+01
1.835284260659974009e+01
1.832892446462451375e+01
1.830504057828746767e+01
1.828119161312995899e+01
1.825737823197120946e+01
1.823360109483688518e+01
1.820986085888822359e+01
1.818615817835173232e+01
1.816249370444947431e+01
1.813886808532994976e+01
1.811528196599959273e+01
1.809173598825488583e+01
1.806823079061513226e+01
1.804476700825585667e+01
1.802134527294289512e+01
1.799796621296715315e+01
1.797463045308005292e+01
1.795133861442970158e+01
1.792809131449776316e+01
1.790488916703705513e+01
1.788173278200990168e+01
1.785862276552723671e+01
1.783555971978845633e+01
1.781254424302207440e+01
1.778957692942713464e+01
1.776665836911544005e+01
1.774378914805458507e+01
1.772096984801180142e+01
1.769820104649864589e+01
1.767548331671650175e+01
1.765281722750295046e+01
1.763020334327898908e+01
1.760764222399710732e+01
1.758513442509025282e+01
1.756268049742166681e+01
1.754028098723561513e+01
1.751793643610900730e+01
1.749564738090393945e+01
1.747341435372112883e+01
1.745123788185428992e+01
1.742911848774541639e+01
1.740705668894100100e+01
1.738505299804920412e+01
1.736310792269795300e+01
1.734122196549399675e+01
1.731939562398292409e+01
1.729762939061012617e+01
1.727592375268272917e+01
1.725427919233250051e+01
1.723269618647972479e+01
1.721117520679805679e+01
1.718971671968034798e+01
1.716832118620547121e+01
1.714698906210611185e+01
1.712572079773756784e+01
1.710451683804751966e+01
1.708337762254681635e+01
1.706230358528123148e+01
1.704129515480423507e+01
1.702035275415074622e+01
1.699947680081190526e+01
1.697866770671081582e+01
1.695792587817931008e+01
1.693725171593569812e+01
1.691664561506352271e+01
1.689610796499131240e+01
1.687563914947331511e+01
1.685523954657125856e+01
1.683490952863707335e+01
1.681464946229662516e+01
1.679445970843443448e+01
1.677434062217938759e+01
1.675429255289141750e+01
1.673431584414919371e+01
1.671441083373876779e+01
1.669457785364321012e+01
1.667481723003321292e+01
1.665512928325866326e+01
1.663551432784118234e+01
1.661597267246762755e+01
1.659650461998454318e+01
1.657711046739357030e+01
1.655779050584779810e+01
1.653854502064905674e+01
1.651937429124615164e+01
1.650027859123401441e+01
1.648125818835379519e+01
1.646231334449385386e+01
1.644344431569167142e+01
1.642465135213667438e+01
1.640593469817394023e+01
1.638729459230879826e+01
1.636873126721232907e+01
1.635024494972771336e+01
1.633183586087747230e+01
1.631350421587156063e+01
1.629525022411629820e+01
1.627707408922417542e+01
1.625897600902446882e+01
1.624095617557469140e+01
1.622301477517286727e+01
1.620515198837061277e+01
1.618736798998701332e+01
1.616966294912329971e+01
1.615203702917830597e+01
1.613449038786469814e+01
1.611702317722595623e+01
1.609963554365413074e+01
1.608232762790833092e+01
1.606509956513394144e+01
1.604795148488257439e+01
1.603088351113272836e+01
1.601389576231115441e+01
1.599698835131490782e+01
1.598016138553408716e+01
1.596341496687524852e+01
1.594674919178547157e+01
1.593016415127708285e+01
1.591365993095301690e+01
1.589723661103279895e+01
1.588089426637915835e+01
1.586463296652523525e+01
1.584845277570238764e+01
1.583235375286857938e+01
1.581633595173734719e+01
1.580039942080732196e+01
1.578454420339230069e+01
1.576877033765186020e+01
1.575307785662249316e+01
1.573746678824926448e+01
1.572193715541796522e+01
1.570648897598776550e+01
1.569112226282434541e+01
1.567583702383349475e+01
1.566063326199516581e+01
1.564551097539798619e+01
1.563047015727418909e+01
1.561551079603497705e+01
1.560063287530629772e+01
1.558583637396501409e+01
1.557112126617546366e+01
1.555648752142639779e+01
1.554193510456828697e+01
1.552746397585097426e+01
1.551307409096168044e+01
1.549876540106332889e+01
1.548453785283319917e+01
1.547039138850188600e+01
1.545632594589255504e+01
1.544234145846048634e+01
1.542843785533288958e+01
1.541461506134898585e+01
1.540087299710033975e+01
1.538721157897143854e+01
1.537363071918049684e+01
1.536013032582047977e+01
1.534671030290034288e+01
1.533337055038646035e+01
1.532011096424425389e+01
1.530693143647998689e+01
1.529383185518273081e+01
1.528081210456649153e+01
1.526787206501247240e+01
1.525501161311148479e+01
1.524223062170647758e+01
1.522952895993518041e+01
1.521690649327286415e+01
1.520436308357518129e+01
1.519189858912110935e+01
1.517951286465596006e+01
1.516720576143445953e+01
1.515497712726388890e+01
1.514282680654727109e+01
1.513075464032659667e+01
1.511876046632608173e+01
1.510684411899544699e+01
1.509500542955321123e+01
1.508324422602998460e+01
1.507156033331176559e+01
1.505995357318321481e+01
1.504842376437091467e+01
1.503697072258659695e+01
1.502559426057033320e+01
1.501429418813368244e+01
1.500307031220277842e+01
1.499192243686136372e+01
1.498085036339374554e+01
1.496985389032768943e+01
1.495893281347721526e+01
1.494808692598530619e+01
1.493731601836652878e+01
1.492661987854953587e+01
1.491599829191946469e+01
1.490545104136021060e+01
1.489497790729658711e+01
1.488457866773634386e+01
1.487425309831204778e+01
1.486400097232282747e+01
1.485382206077595768e+01
1.484371613242829824e+01
1.483368295382756230e+01
1.482372228935342306e+01
1.481383390125844279e+01
1.480401754970882955e+01
1.479427299282500208e+01
1.478459998672197528e+01
1.477499828554954142e+01
1.476546764153226476e+01
1.475600780500925957e+01
1.474661852447377086e+01
1.473729954661253672e+01
1.472805061634493207e+01
1.471887147686189934e+01
1.470976186966464283e+01
1.470072153460310105e+01
1.469175020991418457e+01
1.468284763225977052e+01
1.467401349239748676e+01
1.466524741629423012e+01
1.465654903063304637e+01
1.464791796283574499e+01
1.463935384108516935e+01
1.463085629434709567e+01
1.462242495239177131e+01
1.461405944581510674e+01
1.460575940605949441e+01
1.459752446543428128e+01
1.458935425713588252e+01
1.458124841526753457e+01
1.457320657485870186e+01
1.456522837188412467e+01
