0.000000000000000000e+00
3.333339999999999914e-02
6.666679999999999828e-02
1.000001999999999974e-01
1.333335999999999966e-01
1.666670000000000096e-01
2.000003999999999948e-01
2.333337999999999801e-01
2.666671999999999931e-01
3.000006000000000062e-01
3.333340000000000192e-01
3.666673999999999767e-01
4.000007999999999897e-01
4.333342000000000027e-01
4.666675999999999602e-01
5.000010000000000288e-01
5.333343999999999863e-01
5.666677999999999438e-01
6.000012000000000123e-01
6.333345999999999698e-01
6.666680000000000383e-01
7.000013999999999958e-01
7.333347999999999534e-01
7.666682000000000219e-01
8.000015999999999794e-01
8.333349999999999369e-01
8.666684000000000054e-01
9.000017999999999629e-01
9.333351999999999205e-01
9.666685999999999890e-01
1.000002000000000058e+00
1.033335399999999904e+00
1.066668799999999973e+00
1.100002200000000041e+00
1.133335599999999888e+00
1.166668999999999956e+00
1.200002400000000025e+00
1.233335799999999871e+00
1.266669199999999940e+00
1.300002600000000008e+00
1.333336000000000077e+00
1.366669399999999923e+00
1.400002799999999992e+00
1.433336200000000060e+00
1.466669599999999907e+00
1.500002999999999975e+00
1.533336400000000044e+00
1.566669799999999890e+00
1.600003199999999959e+00
1.633336600000000027e+00
1.666669999999999874e+00
1.700003399999999942e+00
1.733336800000000011e+00
1.766670199999999857e+00
1.800003599999999926e+00
1.833336999999999994e+00
1.866670399999999841e+00
1.900003799999999909e+00
1.933337199999999978e+00
1.966670600000000046e+00
2.000004000000000115e+00
2.033337399999999739e+00
2.066670799999999808e+00
2.100004199999999877e+00
2.133337599999999945e+00
2.166671000000000014e+00
2.200004400000000082e+00
2.233337800000000151e+00
2.266671199999999775e+00
2.300004599999999844e+00
2.333337999999999912e+00
2.366671399999999981e+00
2.400004800000000049e+00
2.433338200000000118e+00
2.466671599999999742e+00
2.500004999999999811e+00
2.533338399999999879e+00
2.566671799999999948e+00
2.600005200000000016e+00
2.633338600000000085e+00
2.666672000000000153e+00
2.700005399999999778e+00
2.733338799999999846e+00
2.766672199999999915e+00
2.800005599999999983e+00
2.833339000000000052e+00
2.866672400000000120e+00
2.900005799999999745e+00
2.933339199999999813e+00
2.966672599999999882e+00
3.000005999999999950e+00
3.033339400000000019e+00
3.066672800000000088e+00
3.100006199999999712e+00
3.133339599999999781e+00
3.166672999999999849e+00
3.200006399999999918e+00
3.233339799999999986e+00
3.266673200000000055e+00
3.300006600000000123e+00
3.333339999999999748e+00
3.366673399999999816e+00
3.400006799999999885e+00
3.433340199999999953e+00
3.466673600000000022e+00
3.500007000000000090e+00
3.533340399999999715e+00
3.566673799999999783e+00
3.600007199999999852e+00
3.633340599999999920e+00
3.666673999999999989e+00
3.700007400000000057e+00
3.733340799999999682e+00
3.766674199999999750e+00
3.800007599999999819e+00
3.833340999999999887e+00
3.866674399999999956e+00
3.900007800000000024e+00
3.933341200000000093e+00
3.966674599999999717e+00
4.000008000000000230e+00
4.033341400000000299e+00
4.066674799999999479e+00
4.100008199999999547e+00
4.133341599999999616e+00
4.166674999999999685e+00
4.200008399999999753e+00
4.233341799999999822e+00
4.266675199999999890e+00
4.300008599999999959e+00
4.333342000000000027e+00
4.366675400000000096e+00
4.400008800000000164e+00
4.433342200000000233e+00
4.466675600000000301e+00
4.500008999999999482e+00
4.533342399999999550e+00
4.566675799999999619e+00
4.600009199999999687e+00
4.633342599999999756e+00
4.666675999999999824e+00
4.700009399999999893e+00
4.733342799999999961e+00
4.766676200000000030e+00
4.800009600000000098e+00
4.833343000000000167e+00
4.866676400000000235e+00
4.900009800000000304e+00
4.933343199999999484e+00
4.966676599999999553e+00
5.000009999999999621e+00
5.033343399999999690e+00
5.066676799999999758e+00
5.100010199999999827e+00
5.133343599999999896e+00
5.166676999999999964e+00
5.200010400000000033e+00
5.233343800000000101e+00
5.266677200000000170e+00
5.300010600000000238e+00
5.333344000000000307e+00
5.366677399999999487e+00
5.400010799999999556e+00
5.433344199999999624e+00
5.466677599999999693e+00
5.500010999999999761e+00
5.533344399999999830e+00
5.566677799999999898e+00
5.600011199999999967e+00
5.633344600000000035e+00
5.666678000000000104e+00
5.700011400000000172e+00
5.733344800000000241e+00
5.766678199999999421e+00
5.800011599999999490e+00
5.833344999999999558e+00
5.866678399999999627e+00
5.900011799999999695e+00
5.933345199999999764e+00
5.966678599999999832e+00
6.000011999999999901e+00
6.033345399999999970e+00
6.066678800000000038e+00
6.100012200000000107e+00
6.133345600000000175e+00
6.166679000000000244e+00
6.200012399999999424e+00
6.233345799999999493e+00
6.266679199999999561e+00
6.300012599999999630e+00
6.333345999999999698e+00
6.366679399999999767e+00
6.400012799999999835e+00
6.433346199999999904e+00
6.466679599999999972e+00
6.500013000000000041e+00
6.533346400000000109e+00
6.566679800000000178e+00
6.600013200000000246e+00
6.633346599999999427e+00
6.666679999999999495e+00
6.700013399999999564e+00
6.733346799999999632e+00
6.766680199999999701e+00
6.800013599999999769e+00
6.833346999999999838e+00
6.866680399999999906e+00
6.900013799999999975e+00
6.933347200000000043e+00
6.966680600000000112e+00
7.000014000000000181e+00
7.033347400000000249e+00
7.066680799999999429e+00
7.100014199999999498e+00
7.133347599999999566e+00
7.166680999999999635e+00
7.200014399999999704e+00
7.233347799999999772e+00
7.266681199999999841e+00
7.300014599999999909e+00
7.333347999999999978e+00
7.366681400000000046e+00
7.400014800000000115e+00
7.433348200000000183e+00
7.466681599999999364e+00
7.500014999999999432e+00
7.533348399999999501e+00
7.566681799999999569e+00
7.600015199999999638e+00
7.633348599999999706e+00
7.666681999999999775e+00
7.700015399999999843e+00
7.733348799999999912e+00
7.766682199999999980e+00
7.800015600000000049e+00
7.833349000000000117e+00
7.866682400000000186e+00
7.900015799999999366e+00
7.933349199999999435e+00
7.966682599999999503e+00
8.000016000000000460e+00
8.033349400000000529e+00
8.066682800000000597e+00
8.100016200000000666e+00
8.133349599999998958e+00
8.166682999999999026e+00
8.200016399999999095e+00
8.233349799999999163e+00
8.266683199999999232e+00
8.300016599999999301e+00
8.333349999999999369e+00
8.366683399999999438e+00
8.400016799999999506e+00
8.433350199999999575e+00
8.466683599999999643e+00
8.500016999999999712e+00
8.533350399999999780e+00
8.566683799999999849e+00
8.600017199999999917e+00
8.633350599999999986e+00
8.666684000000000054e+00
8.700017400000000123e+00
8.733350800000000191e+00
8.766684200000000260e+00
8.800017600000000328e+00
8.833351000000000397e+00
8.866684400000000466e+00
8.900017800000000534e+00
8.933351200000000603e+00
8.966684599999998895e+00
9.000017999999998963e+00
9.033351399999999032e+00
9.066684799999999100e+00
9.100018199999999169e+00
9.133351599999999237e+00
9.166684999999999306e+00
9.200018399999999374e+00
9.233351799999999443e+00
9.266685199999999512e+00
9.300018599999999580e+00
9.333351999999999649e+00
9.366685399999999717e+00
9.400018799999999786e+00
9.433352199999999854e+00
9.466685599999999923e+00
9.500018999999999991e+00
9.533352400000000060e+00
9.566685800000000128e+00
9.600019200000000197e+00
9.633352600000000265e+00
9.666686000000000334e+00
9.700019400000000402e+00
9.733352800000000471e+00
9.766686200000000539e+00
9.800019600000000608e+00
9.833352999999998900e+00
9.866686399999998969e+00
9.900019799999999037e+00
9.933353199999999106e+00
9.966686599999999174e+00
1.000001999999999924e+01
1.003335339999999931e+01
1.006668679999999938e+01
1.010002019999999945e+01
1.013335359999999952e+01
1.016668699999999959e+01
1.020002039999999965e+01
1.023335379999999972e+01
1.026668719999999979e+01
1.030002059999999986e+01
1.033335399999999993e+01
1.036668740000000000e+01
1.040002080000000007e+01
1.043335420000000013e+01
1.046668760000000020e+01
1.050002100000000027e+01
1.053335440000000034e+01
1.056668780000000041e+01
1.060002120000000048e+01
1.063335460000000054e+01
1.066668800000000061e+01
1.070002139999999891e+01
1.073335479999999897e+01
1.076668819999999904e+01
1.080002159999999911e+01
1.083335499999999918e+01
1.086668839999999925e+01
1.090002179999999932e+01
1.093335519999999939e+01
1.096668859999999945e+01
1.100002199999999952e+01
1.103335539999999959e+01
1.106668879999999966e+01
1.110002219999999973e+01
1.113335559999999980e+01
1.116668899999999987e+01
1.120002239999999993e+01
1.123335580000000000e+01
1.126668920000000007e+01
1.130002260000000014e+01
1.133335600000000021e+01
1.136668940000000028e+01
1.140002280000000034e+01
1.143335620000000041e+01
1.146668960000000048e+01
1.150002300000000055e+01
1.153335639999999884e+01
1.156668979999999891e+01
1.160002319999999898e+01
1.163335659999999905e+01
1.166668999999999912e+01
1.170002339999999919e+01
1.173335679999999925e+01
1.176669019999999932e+01
1.180002359999999939e+01
1.183335699999999946e+01
1.186669039999999953e+01
1.190002379999999960e+01
1.193335719999999966e+01
1.196669059999999973e+01
1.200002399999999980e+01
1.203335739999999987e+01
1.206669079999999994e+01
1.210002420000000001e+01
1.213335760000000008e+01
1.216669100000000014e+01
1.220002440000000021e+01
1.223335780000000028e+01
1.226669120000000035e+01
1.230002460000000042e+01
1.233335800000000049e+01
1.236669140000000056e+01
1.240002479999999885e+01
1.243335819999999892e+01
1.246669159999999899e+01
1.250002499999999905e+01
1.253335839999999912e+01
1.256669179999999919e+01
1.260002519999999926e+01
1.263335859999999933e+01
1.266669199999999940e+01
1.270002539999999946e+01
1.273335879999999953e+01
1.276669219999999960e+01
1.280002559999999967e+01
1.283335899999999974e+01
1.286669239999999981e+01
1.290002579999999988e+01
1.293335919999999994e+01
1.296669260000000001e+01
1.300002600000000008e+01
1.303335940000000015e+01
1.306669280000000022e+01
1.310002620000000029e+01
1.313335960000000036e+01
1.316669300000000042e+01
1.320002640000000049e+01
1.323335979999999878e+01
1.326669319999999885e+01
1.330002659999999892e+01
1.333335999999999899e+01
1.336669339999999906e+01
1.340002679999999913e+01
1.343336019999999920e+01
1.346669359999999926e+01
1.350002699999999933e+01
1.353336039999999940e+01
1.356669379999999947e+01
1.360002719999999954e+01
1.363336059999999961e+01
1.366669399999999968e+01
1.370002739999999974e+01
1.373336079999999981e+01
1.376669419999999988e+01
1.380002759999999995e+01
1.383336100000000002e+01
1.386669440000000009e+01
1.390002780000000016e+01
1.393336120000000022e+01
1.396669460000000029e+01
1.400002800000000036e+01
1.403336140000000043e+01
1.406669480000000050e+01
1.410002819999999879e+01
1.413336159999999886e+01
1.416669499999999893e+01
1.420002839999999900e+01
1.423336179999999906e+01
1.426669519999999913e+01
1.430002859999999920e+01
1.433336199999999927e+01
1.436669539999999934e+01
1.440002879999999941e+01
1.443336219999999948e+01
1.446669559999999954e+01
1.450002899999999961e+01
1.453336239999999968e+01
1.456669579999999975e+01
1.460002919999999982e+01
1.463336259999999989e+01
1.466669599999999996e+01
1.470002940000000002e+01
1.473336280000000009e+01
1.476669620000000016e+01
1.480002960000000023e+01
1.483336300000000030e+01
1.486669640000000037e+01
1.490002980000000044e+01
1.493336319999999873e+01
1.496669659999999880e+01
1.500002999999999886e+01
1.503336339999999893e+01
1.506669679999999900e+01
1.510003019999999907e+01
1.513336359999999914e+01
1.516669699999999921e+01
1.520003039999999928e+01
1.523336379999999934e+01
1.526669719999999941e+01
1.530003059999999948e+01
1.533336399999999955e+01
1.536669739999999962e+01
1.540003079999999969e+01
1.543336419999999976e+01
1.546669759999999982e+01
1.550003099999999989e+01
1.553336439999999996e+01
1.556669780000000003e+01
1.560003120000000010e+01
1.563336460000000017e+01
1.566669800000000023e+01
1.570003140000000030e+01
1.573336480000000037e+01
1.576669820000000044e+01
1.580003159999999873e+01
1.583336499999999880e+01
1.586669839999999887e+01
1.590003179999999894e+01
1.593336519999999901e+01
1.596669859999999908e+01
1.600003200000000092e+01
1.603336540000000099e+01
1.606669880000000106e+01
1.610003220000000113e+01
1.613336560000000119e+01
1.616669900000000126e+01
1.620003240000000133e+01
1.623336579999999785e+01
1.626669919999999792e+01
1.630003259999999798e+01
1.633336599999999805e+01
1.636669939999999812e+01
1.640003279999999819e+01
1.643336619999999826e+01
1.646669959999999833e+01
1.650003299999999840e+01
1.653336639999999846e+01
1.656669979999999853e+01
1.660003319999999860e+01
1.663336659999999867e+01
1.666669999999999874e+01
1.670003339999999881e+01
1.673336679999999888e+01
1.676670019999999894e+01
1.680003359999999901e+01
1.683336699999999908e+01
1.686670039999999915e+01
1.690003379999999922e+01
1.693336719999999929e+01
1.696670059999999935e+01
1.700003399999999942e+01
1.703336739999999949e+01
1.706670079999999956e+01
1.710003419999999963e+01
1.713336759999999970e+01
1.716670099999999977e+01
1.720003439999999983e+01
1.723336779999999990e+01
1.726670119999999997e+01
1.730003460000000004e+01
1.733336800000000011e+01
1.736670140000000018e+01
1.740003480000000025e+01
1.743336820000000031e+01
1.746670160000000038e+01
1.750003500000000045e+01
1.753336840000000052e+01
1.756670180000000059e+01
1.760003520000000066e+01
1.763336860000000073e+01
1.766670200000000079e+01
1.770003540000000086e+01
1.773336880000000093e+01
1.776670220000000100e+01
1.780003560000000107e+01
1.783336900000000114e+01
1.786670240000000121e+01
1.790003580000000127e+01
1.793336919999999779e+01
1.796670259999999786e+01
1.800003599999999793e+01
1.803336939999999800e+01
1.806670279999999806e+01
1.810003619999999813e+01
1.813336959999999820e+01
1.816670299999999827e+01
1.820003639999999834e+01
1.823336979999999841e+01
1.826670319999999847e+01
1.830003659999999854e+01
1.833336999999999861e+01
1.836670339999999868e+01
1.840003679999999875e+01
1.843337019999999882e+01
1.846670359999999889e+01
1.850003699999999895e+01
1.853337039999999902e+01
1.856670379999999909e+01
1.860003719999999916e+01
1.863337059999999923e+01
1.866670399999999930e+01
1.870003739999999937e+01
1.873337079999999943e+01
1.876670419999999950e+01
1.880003759999999957e+01
1.883337099999999964e+01
1.886670439999999971e+01
1.890003779999999978e+01
1.893337119999999985e+01
1.896670459999999991e+01
1.900003799999999998e+01
1.903337140000000005e+01
1.906670480000000012e+01
1.910003820000000019e+01
1.913337160000000026e+01
1.916670500000000033e+01
1.920003840000000039e+01
1.923337180000000046e+01
1.926670520000000053e+01
1.930003860000000060e+01
1.933337200000000067e+01
1.936670540000000074e+01
1.940003880000000080e+01
1.943337220000000087e+01
1.946670560000000094e+01
1.950003900000000101e+01
1.953337240000000108e+01
1.956670580000000115e+01
1.960003920000000122e+01
1.963337259999999773e+01
1.966670599999999780e+01
1.970003939999999787e+01
1.973337279999999794e+01
1.976670619999999801e+01
1.980003959999999807e+01
1.983337299999999814e+01
1.986670639999999821e+01
1.990003979999999828e+01
1.993337319999999835e+01
1.996670659999999842e+01
2.000003999999999849e+01
2.003337339999999855e+01
2.006670679999999862e+01
2.010004019999999869e+01
2.013337359999999876e+01
2.016670699999999883e+01
2.020004039999999890e+01
2.023337379999999897e+01
2.026670719999999903e+01
2.030004059999999910e+01
2.033337399999999917e+01
2.036670739999999924e+01
2.040004079999999931e+01
2.043337419999999938e+01
2.046670759999999945e+01
2.050004099999999951e+01
2.053337439999999958e+01
2.056670779999999965e+01
2.060004119999999972e+01
2.063337459999999979e+01
2.066670799999999986e+01
2.070004139999999992e+01
2.073337479999999999e+01
2.076670820000000006e+01
2.080004160000000013e+01
2.083337500000000020e+01
2.086670840000000027e+01
2.090004180000000034e+01
2.093337520000000040e+01
2.096670860000000047e+01
2.100004200000000054e+01
2.103337540000000061e+01
2.106670880000000068e+01
2.110004220000000075e+01
2.113337560000000082e+01
2.116670900000000088e+01
2.120004240000000095e+01
2.123337580000000102e+01
2.126670920000000109e+01
2.130004260000000116e+01
2.133337600000000123e+01
2.136670939999999774e+01
2.140004279999999781e+01
2.143337619999999788e+01
2.146670959999999795e+01
2.150004299999999802e+01
2.153337639999999809e+01
2.156670979999999815e+01
2.160004319999999822e+01
2.163337659999999829e+01
2.166670999999999836e+01
2.170004339999999843e+01
2.173337679999999850e+01
2.176671019999999857e+01
2.180004359999999863e+01
2.183337699999999870e+01
2.186671039999999877e+01
2.190004379999999884e+01
2.193337719999999891e+01
2.196671059999999898e+01
2.200004399999999904e+01
2.203337739999999911e+01
2.206671079999999918e+01
2.210004419999999925e+01
2.213337759999999932e+01
2.216671099999999939e+01
2.220004439999999946e+01
2.223337779999999952e+01
2.226671119999999959e+01
2.230004459999999966e+01
2.233337799999999973e+01
2.236671139999999980e+01
2.240004479999999987e+01
2.243337819999999994e+01
2.246671160000000000e+01
2.250004500000000007e+01
2.253337840000000014e+01
2.256671180000000021e+01
2.260004520000000028e+01
2.263337860000000035e+01
2.266671200000000042e+01
2.270004540000000048e+01
2.273337880000000055e+01
2.276671220000000062e+01
2.280004560000000069e+01
2.283337900000000076e+01
2.286671240000000083e+01
2.290004580000000090e+01
2.293337920000000096e+01
2.296671260000000103e+01
2.300004600000000110e+01
2.303337940000000117e+01
2.306671279999999769e+01
2.310004619999999775e+01
2.313337959999999782e+01
2.316671299999999789e+01
2.320004639999999796e+01
2.323337979999999803e+01
2.326671319999999810e+01
2.330004659999999816e+01
2.333337999999999823e+01
2.336671339999999830e+01
2.340004679999999837e+01
2.343338019999999844e+01
2.346671359999999851e+01
2.350004699999999858e+01
2.353338039999999864e+01
2.356671379999999871e+01
2.360004719999999878e+01
2.363338059999999885e+01
2.366671399999999892e+01
2.370004739999999899e+01
2.373338079999999906e+01
2.376671419999999912e+01
2.380004759999999919e+01
2.383338099999999926e+01
2.386671439999999933e+01
2.390004779999999940e+01
2.393338119999999947e+01
2.396671459999999954e+01
2.400004799999999960e+01
2.403338139999999967e+01
2.406671479999999974e+01
2.410004819999999981e+01
2.413338159999999988e+01
2.416671499999999995e+01
2.420004840000000002e+01
2.423338180000000008e+01
2.426671520000000015e+01
2.430004860000000022e+01
2.433338200000000029e+01
2.436671540000000036e+01
2.440004880000000043e+01
2.443338220000000049e+01
2.446671560000000056e+01
2.450004900000000063e+01
2.453338240000000070e+01
2.456671580000000077e+01
2.460004920000000084e+01
2.463338260000000091e+01
2.466671600000000097e+01
2.470004940000000104e+01
2.473338280000000111e+01
2.476671619999999763e+01
2.480004959999999770e+01
2.483338299999999776e+01
2.486671639999999783e+01
2.490004979999999790e+01
2.493338319999999797e+01
2.496671659999999804e+01
2.500004999999999811e+01
2.503338339999999818e+01
2.506671679999999824e+01
2.510005019999999831e+01
2.513338359999999838e+01
2.516671699999999845e+01
2.520005039999999852e+01
2.523338379999999859e+01
2.526671719999999866e+01
2.530005059999999872e+01
2.533338399999999879e+01
2.536671739999999886e+01
2.540005079999999893e+01
2.543338419999999900e+01
2.546671759999999907e+01
2.550005099999999914e+01
2.553338439999999920e+01
2.556671779999999927e+01
2.560005119999999934e+01
2.563338459999999941e+01
2.566671799999999948e+01
2.570005139999999955e+01
2.573338479999999961e+01
2.576671819999999968e+01
2.580005159999999975e+01
2.583338499999999982e+01
2.586671839999999989e+01
2.590005179999999996e+01
2.593338520000000003e+01
2.596671860000000009e+01
2.600005200000000016e+01
2.603338540000000023e+01
2.606671880000000030e+01
2.610005220000000037e+01
2.613338560000000044e+01
2.616671900000000051e+01
2.620005240000000057e+01
2.623338580000000064e+01
2.626671920000000071e+01
2.630005260000000078e+01
2.633338600000000085e+01
2.636671940000000092e+01
2.640005280000000099e+01
2.643338620000000105e+01
2.646671959999999757e+01
2.650005299999999764e+01
2.653338639999999771e+01
2.656671979999999778e+01
2.660005319999999784e+01
2.663338659999999791e+01
2.666671999999999798e+01
2.670005339999999805e+01
2.673338679999999812e+01
2.676672019999999819e+01
2.680005359999999826e+01
2.683338699999999832e+01
2.686672039999999839e+01
2.690005379999999846e+01
2.693338719999999853e+01
2.696672059999999860e+01
2.700005399999999867e+01
2.703338739999999873e+01
2.706672079999999880e+01
2.710005419999999887e+01
2.713338759999999894e+01
2.716672099999999901e+01
2.720005439999999908e+01
2.723338779999999915e+01
2.726672119999999921e+01
2.730005459999999928e+01
2.733338799999999935e+01
2.736672139999999942e+01
2.740005479999999949e+01
2.743338819999999956e+01
2.746672159999999963e+01
2.750005499999999969e+01
2.753338839999999976e+01
2.756672179999999983e+01
2.760005519999999990e+01
2.763338859999999997e+01
2.766672200000000004e+01
2.770005540000000011e+01
2.773338880000000017e+01
2.776672220000000024e+01
2.780005560000000031e+01
2.783338900000000038e+01
2.786672240000000045e+01
2.790005580000000052e+01
2.793338920000000059e+01
2.796672260000000065e+01
2.800005600000000072e+01
2.803338940000000079e+01
2.806672280000000086e+01
2.810005620000000093e+01
2.813338960000000100e+01
2.816672299999999751e+01
2.820005639999999758e+01
2.823338979999999765e+01
2.826672319999999772e+01
2.830005659999999779e+01
2.833338999999999785e+01
2.836672339999999792e+01
2.840005679999999799e+01
2.843339019999999806e+01
2.846672359999999813e+01
2.850005699999999820e+01
2.853339039999999827e+01
2.856672379999999833e+01
2.860005719999999840e+01
2.863339059999999847e+01
2.866672399999999854e+01
2.870005739999999861e+01
2.873339079999999868e+01
2.876672419999999875e+01
2.880005759999999881e+01
2.883339099999999888e+01
2.886672439999999895e+01
2.890005779999999902e+01
2.893339119999999909e+01
2.896672459999999916e+01
2.900005799999999923e+01
2.903339139999999929e+01
2.906672479999999936e+01
2.910005819999999943e+01
2.913339159999999950e+01
2.916672499999999957e+01
2.920005839999999964e+01
2.923339179999999971e+01
2.926672519999999977e+01
2.930005859999999984e+01
2.933339199999999991e+01
2.936672539999999998e+01
2.940005880000000005e+01
2.943339220000000012e+01
2.946672560000000018e+01
2.950005900000000025e+01
2.953339240000000032e+01
2.956672580000000039e+01
2.960005920000000046e+01
2.963339260000000053e+01
2.966672600000000060e+01
2.970005940000000066e+01
2.973339280000000073e+01
2.976672620000000080e+01
2.980005960000000087e+01
2.983339300000000094e+01
2.986672639999999745e+01
2.990005979999999752e+01
2.993339319999999759e+01
2.996672659999999766e+01
3.000005999999999773e+01
3.003339339999999780e+01
3.006672679999999787e+01
3.010006019999999793e+01
3.013339359999999800e+01
3.016672699999999807e+01
3.020006039999999814e+01
3.023339379999999821e+01
3.026672719999999828e+01
3.030006059999999835e+01
3.033339399999999841e+01
3.036672739999999848e+01
3.040006079999999855e+01
3.043339419999999862e+01
3.046672759999999869e+01
3.050006099999999876e+01
3.053339439999999883e+01
3.056672779999999889e+01
3.060006119999999896e+01
3.063339459999999903e+01
3.066672799999999910e+01
3.070006139999999917e+01
3.073339479999999924e+01
3.076672819999999930e+01
3.080006159999999937e+01
3.083339499999999944e+01
3.086672839999999951e+01
3.090006179999999958e+01
3.093339519999999965e+01
3.096672859999999972e+01
3.100006199999999978e+01
3.103339539999999985e+01
3.106672879999999992e+01
3.110006219999999999e+01
3.113339560000000006e+01
3.116672900000000013e+01
3.120006240000000020e+01
3.123339580000000026e+01
3.126672920000000033e+01
3.130006260000000040e+01
3.133339600000000047e+01
3.136672940000000054e+01
3.140006280000000061e+01
3.143339620000000068e+01
3.146672960000000074e+01
3.150006300000000081e+01
3.153339640000000088e+01
3.156672980000000095e+01
3.160006319999999747e+01
3.163339659999999753e+01
3.166672999999999760e+01
3.170006339999999767e+01
3.173339679999999774e+01
3.176673019999999781e+01
3.180006359999999788e+01
3.183339699999999794e+01
3.186673039999999801e+01
3.190006379999999808e+01
3.193339719999999815e+01
3.196673059999999822e+01
3.200006400000000184e+01
3.203339739999999836e+01
3.206673080000000198e+01
3.210006419999999849e+01
3.213339760000000211e+01
3.216673099999999863e+01
3.220006440000000225e+01
3.223339779999999877e+01
3.226673120000000239e+01
3.230006459999999890e+01
3.233339800000000253e+01
3.236673139999999904e+01
3.240006480000000266e+01
3.243339819999999918e+01
3.246673159999999569e+01
3.250006499999999932e+01
3.253339839999999583e+01
3.256673179999999945e+01
3.260006519999999597e+01
3.263339859999999959e+01
3.266673199999999611e+01
3.270006539999999973e+01
3.273339879999999624e+01
3.276673219999999986e+01
3.280006559999999638e+01
3.283339900000000000e+01
3.286673239999999652e+01
3.290006580000000014e+01
3.293339919999999665e+01
3.296673260000000028e+01
3.300006599999999679e+01
3.303339940000000041e+01
3.306673279999999693e+01
3.310006620000000055e+01
3.313339959999999706e+01
3.316673300000000069e+01
3.320006639999999720e+01
3.323339980000000082e+01
3.326673319999999734e+01
3.330006660000000096e+01
3.333339999999999748e+01
3.336673340000000110e+01
3.340006679999999761e+01
3.343340020000000123e+01
3.346673359999999775e+01
3.350006700000000137e+01
3.353340039999999789e+01
3.356673380000000151e+01
3.360006719999999802e+01
3.363340060000000165e+01
3.366673399999999816e+01
3.370006740000000178e+01
3.373340079999999830e+01
3.376673420000000192e+01
3.380006759999999844e+01
3.383340100000000206e+01
3.386673439999999857e+01
3.390006780000000219e+01
3.393340119999999871e+01
3.396673460000000233e+01
3.400006799999999885e+01
3.403340140000000247e+01
3.406673479999999898e+01
3.410006820000000261e+01
3.413340159999999912e+01
3.416673499999999564e+01
3.420006839999999926e+01
3.423340179999999577e+01
3.426673519999999940e+01
3.430006859999999591e+01
3.433340199999999953e+01
3.436673539999999605e+01
3.440006879999999967e+01
3.443340219999999618e+01
3.446673559999999981e+01
3.450006899999999632e+01
3.453340239999999994e+01
3.456673579999999646e+01
3.460006920000000008e+01
3.463340259999999660e+01
3.466673600000000022e+01
3.470006939999999673e+01
3.473340280000000035e+01
3.476673619999999687e+01
3.480006960000000049e+01
3.483340299999999701e+01
