2.000000000000000000e+01
2.001046952265894419e+01
2.002092367897167335e+01
2.003136234581051767e+01
2.004178544557217023e+01
2.005219293011110793e+01
2.006258476974575444e+01
2.007296094614880388e+01
2.008332144789645568e+01
2.009366626773469022e+01
2.010399540091890813e+01
2.011430884421217158e+01
2.012460659528317919e+01
2.013488865234530678e+01
2.014515501394047448e+01
2.015540567880982437e+01
2.016564064581637794e+01
2.017585991389876554e+01
2.018606348204355427e+01
2.019625134926867105e+01
2.020642351461347630e+01
2.021657997713279187e+01
2.022672073589330921e+01
2.023684578997140093e+01
2.024695513845179917e+01
2.025704878042675361e+01
2.026712671499551277e+01
2.027718894126397586e+01
2.028723545834444764e+01
2.029726626535547140e+01
2.030728136142168694e+01
2.031728074567372389e+01
2.032726441724809163e+01
2.033723237528709760e+01
2.034718461893875485e+01
2.035712114735669687e+01
2.036704195970009934e+01
2.037694705513360205e+01
2.038683643282721647e+01
2.039671009195625118e+01
2.040656803170124078e+01
2.041641025124784647e+01
2.042623674978679560e+01
2.043604752651378575e+01
2.044584258062941373e+01
2.045562191133909380e+01
2.046538551785296889e+01
2.047513339938584664e+01
2.048486555515709995e+01
2.049458198439059942e+01
2.050428268631462814e+01
2.051396766016179996e+01
2.052363690516898131e+01
2.053329042057720955e+01
2.054292820563160760e+01
2.055255025958130943e+01
2.056215658167937832e+01
2.057174717118271801e+01
2.058132202735200167e+01
2.059088114945157955e+01
2.060042453674940788e+01
2.060995218851696364e+01
2.061946410402915930e+01
2.062896028256426817e+01
2.063844072340383562e+01
2.064790542583260091e+01
2.065735438913841548e+01
2.066678761261216124e+01
2.067620509554766528e+01
2.068560683724162175e+01
2.069499283699351011e+01
2.070436309410550990e+01
2.071371760788242256e+01
2.072305637763157904e+01
2.073237940266277235e+01
2.074168668228816159e+01
2.075097821582220092e+01
2.076025400258154718e+01
2.076951404188498174e+01
2.077875833305333231e+01
2.078798687540938062e+01
2.079719966827778421e+01
2.080639671098499477e+01
2.081557800285917281e+01
2.082474354323010601e+01
2.083389333142913102e+01
2.084302736678903756e+01
2.085214564864399733e+01
2.086124817632947170e+01
2.087033494918213705e+01
2.087940596653979597e+01
2.088846122774129199e+01
2.089750073212643500e+01
2.090652447903590172e+01
2.091553246781117181e+01
2.092452469779442481e+01
2.093350116832846908e+01
2.094246187875665655e+01
2.095140682842279389e+01
2.096033601667106083e+01
2.096924944284592485e+01
2.097814710629205948e+01
2.098702900635426261e+01
2.099589514237736054e+01
2.100474551370613696e+01
2.101358011968524053e+01
2.102239895965910321e+01
2.103120203297185498e+01
2.103998933896724211e+01
2.104876087698853837e+01
2.105751664637845977e+01
2.106625664647908280e+01
2.107498087663175923e+01
2.108368933617702723e+01
2.109238202445453325e+01
2.110105894080294320e+01
2.110972008455985360e+01
2.111836545506171348e+01
2.112699505164373548e+01
2.113560887363980356e+01
2.114420692038240546e+01
2.115278919120252965e+01
2.116135568542958367e+01
2.116990640239131949e+01
2.117844134141373402e+01
2.118696050182098745e+01
2.119546388293532502e+01
2.120395148407698116e+01
2.121242330456409775e+01
2.122087934371263884e+01
2.122931960083630187e+01
2.123774407524643237e+01
2.124615276625194227e+01
2.125454567315921750e+01
2.126292279527203632e+01
2.127128413189147693e+01
2.127962968231583929e+01
2.128795944584054922e+01
2.129627342175808025e+01
2.130457160935786476e+01
2.131285400792620166e+01
2.132112061674617465e+01
2.132937143509756694e+01
2.133760646225677249e+01
2.134582569749670711e+01
2.135402914008672326e+01
2.136221678929252121e+01
2.137038864437606378e+01
2.137854470459549105e+01
2.138668496920502449e+01
2.139480943745489583e+01
2.140291810859124055e+01
2.141101098185602325e+01
2.141908805648694525e+01
2.142714933171735936e+01
2.143519480677617750e+01
2.144322448088778899e+01
2.145123835327197170e+01
2.145923642314379620e+01
2.146721868971355107e+01
2.147518515218664348e+01
2.148313580976352100e+01
2.149107066163956858e+01
2.149898970700504108e+01
2.150689294504495308e+01
2.151478037493901141e+01
2.152265199586150857e+01
2.153050780698124456e+01
2.153834780746143807e+01
2.154617199645963765e+01
2.155398037312762582e+01
2.156177293661134087e+01
2.156954968605077738e+01
2.157731062057991167e+01
2.158505573932659516e+01
2.159278504141248334e+01
2.160049852595293274e+01
2.160819619205691566e+01
2.161587803882693848e+01
2.162354406535894213e+01
2.163119427074221690e+01
2.163882865405931710e+01
2.164644721438596520e+01
2.165404995079096651e+01
2.166163686233611685e+01
2.166920794807611372e+01
2.167676320705846749e+01
2.168430263832341254e+01
2.169182624090381850e+01
2.169933401382509075e+01
2.170682595610509580e+01
2.171430206675406183e+01
2.172176234477448631e+01
2.172920678916105430e+01
2.173663539890054253e+01
2.174404817297172698e+01
2.175144511034530126e+01
2.175882620998377703e+01
2.176619147084140238e+01
2.177354089186406227e+01
2.178087447198918980e+01
2.178819221014568441e+01
2.179549410525380893e+01
2.180278015622511134e+01
2.181005036196231828e+01
2.181730472135926036e+01
2.182454323330077273e+01
2.183176589666260270e+01
2.183897271031132092e+01
2.184616367310423257e+01
2.185333878388928497e+01
2.186049804150497167e+01
2.186764144478025074e+01
2.187476899253444174e+01
2.188188068357714045e+01
2.188897651670813005e+01
2.189605649071728521e+01
2.190312060438447972e+01
2.191016885647949763e+01
2.191720124576193740e+01
2.192421777098113012e+01
2.193121843087603651e+01
2.193820322417515456e+01
2.194517214959643781e+01
2.195212520584719584e+01
2.195906239162400198e+01
2.196598370561260438e+01
2.197288914648783020e+01
2.197977871291349317e+01
2.198665240354230477e+01
2.199351021701578190e+01
2.200035215196414740e+01
2.200717820700624472e+01
2.201398838074944209e+01
2.202078267178954007e+01
2.202756107871067925e+01
2.203432360008524427e+01
2.204107023447377856e+01
2.204780098042488135e+01
2.205451583647512237e+01
2.206121480114894595e+01
2.206789787295857508e+01
2.207456505040391903e+01
2.208121633197248812e+01
2.208785171613928711e+01
2.209447120136672993e+01
2.210107478610454734e+01
2.210766246878968744e+01
2.211423424784622682e+01
2.212079012168527115e+01
2.212733008870486628e+01
2.213385414728990597e+01
2.214036229581203230e+01
2.214685453262954695e+01
2.215333085608730812e+01
2.215979126451664882e+01
2.216623575623527742e+01
2.217266432954717459e+01
2.217907698274251516e+01
2.218547371409756153e+01
2.219185452187457130e+01
2.219821940432170493e+01
2.220456835967293330e+01
2.221090138614793830e+01
2.221721848195202043e+01
2.222351964527600288e+01
2.222980487429613561e+01
2.223607416717400298e+01
2.224232752205643138e+01
2.224856493707538263e+01
2.225478641034787586e+01
2.226099193997587378e+01
2.226718152404620099e+01
2.227335516063044452e+01
2.227951284778485785e+01
2.228565458355026507e+01
2.229178036595196488e+01
2.229789019299963826e+01
2.230398406268724543e+01
2.231006197299294058e+01
2.231612392187896532e+01
2.232216990729155981e+01
2.232819992716086688e+01
2.233421397940083253e+01
2.234021206190911002e+01
2.234619417256696750e+01
2.235216030923918495e+01
2.235811046977396543e+01
2.236404465200283198e+01
2.236996285374053528e+01
2.237586507278496128e+01
2.238175130691702108e+01
2.238762155390056918e+01
2.239347581148229693e+01
2.239931407739164015e+01
2.240513634934068321e+01
2.241094262502405599e+01
2.241673290211884151e+01
2.242250717828448359e+01
2.242826545116267667e+01
2.243400771837728058e+01
2.243973397753422105e+01
2.244544422622138669e+01
2.245113846200853658e+01
2.245681668244720086e+01
2.246247888507058121e+01
2.246812506739346205e+01
2.247375522691210037e+01
2.247936936110414052e+01
2.248496746742850405e+01
2.249054954332529732e+01
2.249611558621571916e+01
2.250166559350195428e+01
2.250719956256708087e+01
2.251271749077496764e+01
2.251821937547017782e+01
2.252370521397787329e+01
2.252917500360371506e+01
2.253462874163376028e+01
2.254006642533436633e+01
2.254548805195209837e+01
2.255089361871361930e+01
2.255628312282560444e+01
2.256165656147462784e+01
2.256701393182707704e+01
2.257235523102904651e+01
2.257768045620623809e+01
2.258298960446386516e+01
2.258828267288655312e+01
2.259355965853824344e+01
2.259882055846208360e+01
2.260406536968033819e+01
2.260929408919428596e+01
2.261450671398412382e+01
2.261970324100885676e+01
2.262488366720621258e+01
2.263004798949252816e+01
2.263519620476266425e+01
2.264032830988989176e+01
2.264544430172579936e+01
2.265054417710019408e+01
2.265562793282100174e+01
2.266069556567415688e+01
2.266574707242352105e+01
2.267078244981076196e+01
2.267580169455526828e+01
2.268080480335404658e+01
2.268579177288161119e+01
2.269076259978989896e+01
2.269571728070815553e+01
2.270065581224284301e+01
2.270557819097753338e+01
2.271048441347281255e+01
2.271537447626617379e+01
2.272024837587192891e+01
2.272510610878109105e+01
2.272994767146128581e+01
2.273477306035664469e+01
2.273958227188770209e+01
2.274437530245130290e+01
2.274915214842049238e+01
2.275391280614442024e+01
2.275865727194823407e+01
2.276338554213297982e+01
2.276809761297550239e+01
2.277279348072834253e+01
2.277747314161963743e+01
2.278213659185301410e+01
2.278678382760748988e+01
2.279141484503737303e+01
2.279602964027215606e+01
2.280062820941641988e+01
2.280521054854972363e+01
2.280977665372650875e+01
2.281432652097599600e+01
2.281886014630207882e+01
2.282337752568322742e+01
2.282787865507238578e+01
2.283236353039685795e+01
2.283683214755821922e+01
2.284128450243220954e+01
2.284572059086862694e+01
2.285014040869122809e+01
2.285454395169762520e+01
2.285893121565917951e+01
2.286330219632090888e+01
2.286765688940137053e+01
2.287199529059256520e+01
2.287631739555983756e+01
2.288062319994176619e+01
2.288491269935006400e+01
2.288918588936947529e+01
2.289344276555766555e+01
2.289768332344513269e+01
2.290190755853508620e+01
2.290611546630335482e+01
2.291030704219827996e+01
2.291448228164060907e+01
2.291864118002339978e+01
2.292278373271190617e+01
2.292690993504347929e+01
2.293101978232746774e+01
2.293511326984510390e+01
2.293919039284941164e+01
2.294325114656508546e+01
2.294729552618840884e+01
2.295132352688712629e+01
2.295533514380035811e+01
2.295933037203848315e+01
2.296330920668304287e+01
2.296727164278662769e+01
2.297121767537278814e+01
2.297514729943590694e+01
2.297906050994112093e+01
2.298295730182418950e+01
2.298683766999141298e+01
2.299070160931951179e+01
2.299454911465553053e+01
2.299838018081672786e+01
2.300219480259047700e+01
2.300599297473415206e+01
2.300977469197502856e+01
2.301353994901018041e+01
2.301728874050636975e+01
2.302102106109994040e+01
2.302473690539672191e+01
2.302843626797191234e+01
2.303211914336997879e+01
2.303578552610455077e+01
2.303943541065831724e+01
2.304306879148291642e+01
2.304668566299883281e+01
2.305028601959529055e+01
2.305386985563014690e+01
2.305743716542978561e+01
2.306098794328901391e+01
2.307007907501918353e+01
2.307915985159856120e+01
2.308823028074761652e+01
2.309729037019194919e+01
2.310634012766225354e+01
2.311537956089428292e+01
2.312440867762880359e+01
2.313342748561157691e+01
2.314243599259331319e+01
2.315143420632963611e+01
2.316042213458105081e+01
2.316939978511290832e+01
2.317836716569537359e+01
2.318732428410338642e+01
2.319627114811662238e+01
2.320520776551946796e+01
2.321413414410098142e+01
2.322305029165485379e+01
2.323195621597938398e+01
2.324085192487743257e+01
2.324973742615639694e+01
2.325861272762817222e+01
2.326747783710911932e+01
2.327633276242002580e+01
2.328517751138608105e+01
2.329401209183683008e+01
2.330283651160614866e+01
2.331165077853220780e+01
2.332045490045743819e+01
2.332924888522849471e+01
2.333803274069622802e+01
2.334680647471564185e+01
2.335557009514586824e+01
2.336432360985013545e+01
2.337306702669572189e+01
2.338180035355393471e+01
2.339052359830007077e+01
2.339923676881338821e+01
2.340793987297706735e+01
2.341663291867817875e+01
2.342531591380765477e+01
2.343398886626025401e+01
2.344265178393452231e+01
2.345130467473277136e+01
2.345994754656103609e+01
2.346858040732904982e+01
2.347720326495020160e+01
2.348581612734151136e+01
2.349441900242359793e+01
2.350301189812064351e+01
2.351159482236036169e+01
2.352016778307396550e+01
2.352873078819613539e+01
2.353728384566498377e+01
2.354582696342203008e+01
2.355436014941216172e+01
2.356288341158360922e+01
2.357139675788790356e+01
2.357990019627985490e+01
2.358839373471751344e+01
2.359687738116214817e+01
2.360535114357820063e+01
2.361381502993326365e+01
2.362226904819804929e+01
2.363071320634634986e+01
2.363914751235502010e+01
2.364757197420392743e+01
2.365598659987594132e+01
2.366439139735688357e+01
2.367278637463551050e+01
2.368117153970347388e+01
2.368954690055529611e+01
2.369791246518833461e+01
2.370626824160274992e+01
2.371461423780148436e+01
2.372295046179022293e+01
2.373127692157735780e+01
2.373959362517397409e+01
2.374790058059380371e+01
2.375619779585320401e+01
2.376448527897112584e+01
2.377276303796907797e+01
2.378103108087110584e+01
2.378928941570375244e+01
2.379753805049603343e+01
2.380577699327940877e+01
2.381400625208774713e+01
2.382222583495730106e+01
2.383043574992667857e+01
2.383863600503680402e+01
2.384682660833089685e+01
2.385500756785444310e+01
2.386317889165515993e+01
2.387134058778296719e+01
2.387949266428996609e+01
2.388763512923039656e+01
2.389576799066062307e+01
2.390389125663908843e+01
2.391200493522629955e+01
2.392010903448479553e+01
2.392820356247910851e+01
2.393628852727574596e+01
2.394436393694316223e+01
2.395242979955171592e+01
2.396048612317366278e+01
2.396853291588310597e+01
2.397657018575598187e+01
2.398459794087002450e+01
2.399261618930474071e+01
2.400062493914138173e+01
2.400862419846290763e+01
2.401661397535397313e+01
2.402459427790088853e+01
2.403256511419159125e+01
2.404052649231562455e+01
2.404847842036410555e+01
2.405642090642969677e+01
2.406435395860658133e+01
2.407227758499043446e+01
2.408019179367839158e+01
2.408809659276902693e+01
2.409599199036232520e+01
2.410387799455964597e+01
2.411175461346370597e+01
2.411962185517855062e+01
2.412747972780951855e+01
2.413532823946322736e+01
2.414316739824753455e+01
2.415099721227151619e+01
2.415881768964543852e+01
2.416662883848073307e+01
2.417443066688996822e+01
2.418222318298682438e+01
2.419000639488606197e+01
2.419778031070350366e+01
2.420554493855599532e+01
2.421330028656138822e+01
2.422104636283851775e+01
2.422878317550716432e+01
2.423651073268803202e+01
2.424422904250272737e+01
2.425193811307372727e+01
2.425963795252435773e+01
2.426732856897876189e+01
2.427500997056187515e+01
2.428268216539940383e+01
2.429034516161780033e+01
2.429799896734422759e+01
2.430564359070654135e+01
2.431327903983326522e+01
2.432090532285356232e+01
2.432852244789720686e+01
2.433613042309456276e+01
2.434372925657655884e+01
2.435131895647466393e+01
2.435889953092085491e+01
2.436647098804760248e+01
2.437403333598783206e+01
2.438158658287491320e+01
2.438913073684262756e+01
2.439666580602514401e+01
2.440419179855699028e+01
2.441170872257303870e+01
2.441921658620846713e+01
2.442671539759875188e+01
2.443420516487962502e+01
2.444168589618706022e+01
2.444915759965725144e+01
2.445662028342657734e+01
2.446407395563158715e+01
2.447151862440896863e+01
2.447895429789553035e+01
2.448638098422817322e+01
2.449379869154387279e+01
2.450120742797964368e+01
2.450860720167252538e+01
2.451599802075955381e+01
2.452337989337774360e+01
2.453075282766405252e+01
2.453811683175537439e+01
2.454547191378850002e+01
2.455281808190010295e+01
2.456015534422671109e+01
2.456748370890468536e+01
2.457480318407019482e+01
2.458211377785919893e+01
2.458941549840741558e+01
2.459670835385030685e+01
2.460399235232304704e+01
2.461126750196050850e+01
2.461853381089723314e+01
2.462579128726740763e+01
2.463303993920484558e+01
2.464027977484296628e+01
2.464751080231476266e+01
2.465473302975279069e+01
2.466194646528913381e+01
2.466915111705539232e+01
2.467634699318265490e+01
2.468353410180147733e+01
2.469071245104185763e+01
2.469788204903322182e+01
2.470504290390438840e+01
2.471219502378356125e+01
2.471933841679829413e+01
2.472647309107547997e+01
2.473359905474131892e+01
2.474071631592130771e+01
2.474782488274020409e+01
2.475492476332201619e+01
2.476201596578997766e+01
2.476909849826652277e+01
2.477617236887327223e+01
2.478323758573100122e+01
2.479029415695962513e+01
2.479734209067818185e+01
2.480438139500479977e+01
2.481141207805668358e+01
2.481843414795008940e+01
2.482544761280031054e+01
2.483245248072164912e+01
2.483944875982739475e+01
2.484643645822981384e+01
2.485341558404011408e+01
2.486038614536843383e+01
2.486734815032382073e+01
2.487430160701420689e+01
2.488124652354638755e+01
2.488818290802600330e+01
2.489511076855752592e+01
2.490203011324422278e+01
2.490894095018814980e+01
2.491584328749012300e+01
2.492273713324970785e+01
2.492962249556518728e+01
2.493649938253354748e+01
2.494336780225045658e+01
2.495022776281024690e+01
2.495707927230589718e+01
2.496392233882900058e+01
2.497075697046976117e+01
2.497758317531696193e+01
2.498440096145794698e+01
2.499121033697861094e+01
2.499801130996337051e+01
2.500480388849514313e+01
2.501158808065533279e+01
2.501836389452381226e+01
2.502513133817889823e+01
2.503189041969733353e+01
2.503864114715427291e+01
2.504538352862325468e+01
2.505211757217618995e+01
2.505884328588334142e+01
2.506556067781329844e+01
2.507226975603296637e+01
2.507897052860754528e+01
2.508566300360050505e+01
2.509234718907357831e+01
2.509902309308673196e+01
2.510569072369814947e+01
2.511235008896421661e+01
2.511900119693950018e+01
2.512564405567673020e+01
2.513227867322678222e+01
2.513890505763865590e+01
2.514552321695946091e+01
2.515213315923439907e+01
2.515873489250673956e+01
2.516532842481780463e+01
2.517191376420695548e+01
2.517849091871157086e+01
2.518505989636702580e+01
2.519162070520667740e+01
2.519817335326185059e+01
2.520471784856181330e+01
2.521125419913376220e+01
2.521778241300280143e+01
2.522430249819193548e+01
2.523081446272203721e+01
2.523731831461184427e+01
2.524381406187792720e+01
2.525030171253468581e+01
2.525678127459432432e+01
2.526325275606683718e+01
2.526971616495998418e+01
2.527617150927928691e+01
2.528261879702800030e+01
2.528905803620710202e+01
2.529548923481526757e+01
2.530191240084886672e+01
2.530832754230193160e+01
2.531473466716615306e+01
2.532113378343085230e+01
2.532752489908297377e+01
2.533390802210706383e+01
2.534028316048525298e+01
2.534665032219724523e+01
2.535300951522029678e+01
2.535936074752919467e+01
2.536570402709625327e+01
2.537203936189128939e+01
2.537836675988160806e+01
2.538468622903198124e+01
2.539099777730464425e+01
2.539730141265926378e+01
2.540359714305293792e+01
2.540988497644016419e+01
2.541616492077283596e+01
2.542243698400022467e+01
2.542870117406895858e+01
2.543495749892300850e+01
2.544120596650367716e+01
2.544744658474958143e+01
2.545367936159663103e+01
2.545990430497801782e+01
2.546612142282420166e+01
2.547233072306289614e+01
2.547853221361904374e+01
2.548472590241481228e+01
2.549091179736957358e+01
2.549708990639988926e+01
2.550326023741949300e+01
2.550942279833928339e+01
2.551557759706729911e+01
2.552172464150870823e+01
2.552786393956579403e+01
2.553399549913794431e+01
2.554011932812162300e+01
2.554623543441037015e+01
2.555234382589478059e+01
2.555844451046248977e+01
2.556453749599815950e+01
2.557062279038346020e+01
2.557670040149706026e+01
2.558277033721461535e+01
2.558883260540874360e+01
2.559488721394902200e+01
2.560093417070196509e+01
2.560697348353100722e+01
2.561300516029650254e+01
2.561902920885570012e+01
2.562504563706272975e+01
2.563105445276858774e+01
2.563705566382113332e+01
2.564304927806506029e+01
2.564903530334188986e+01
2.565501374748995644e+01
2.566098461834439703e+01
2.566694792373713341e+01
2.567290367149686148e+01
2.567885186944902998e+01
2.568479252541583691e+01
2.569072564721620822e+01
2.569665124266579426e+01
2.570256931957694491e+01
2.570847988575869891e+01
2.571438294901678034e+01
2.572027851715357016e+01
2.572616659796810623e+01
2.573204719925606554e+01
2.573792032880974290e+01
2.574378599441805093e+01
2.574964420386650232e+01
2.575549496493719204e+01
2.576133828540879023e+01
2.576717417305652802e+01
2.577300263565218330e+01
2.577882368096406651e+01
2.578463731675701354e+01
2.579044355079236794e+01
2.579624239082797388e+01
2.580203384461815119e+01
2.580781791991369900e+01
2.581359462446187436e+01
2.581936396600638162e+01
2.582512595228735464e+01
2.583088059104135681e+01
2.583662789000135263e+01
2.584236785689671478e+01
2.584810049945319221e+01
2.585382582539291363e+01
2.585954384243436266e+01
2.586525455829238140e+01
2.587095798067813845e+01
2.587665411729913600e+01
2.588234297585918853e+01
2.588802456405840857e+01
2.589369888959320321e+01
2.589936596015625270e+01
2.590502578343650697e+01
2.591067836711917138e+01
2.591632371888569253e+01
2.592196184641375112e+01
2.592759275737724423e+01
2.593321645944628173e+01
2.593883296028716856e+01
2.594444226756239402e+01
2.595004438893062826e+01
2.595563933204669738e+01
2.596122710456158700e+01
2.596680771412241739e+01
2.597238116837244348e+01
2.597794747495103707e+01
2.598350664149367972e+01
2.598905867563194505e+01
2.599460358499349510e+01
2.600014137720206975e+01
2.600567205987747244e+01
2.601119564063555600e+01
2.601671212708821912e+01
2.602222152684339207e+01
2.602772384750502610e+01
2.603321909667308276e+01
2.603870728194352324e+01
2.604418841090830128e+01
2.604966249115534538e+01
2.605512953026855527e+01
2.606058953582779125e+01
2.606604251540885997e+01
2.607148847658350377e+01
2.607692742691939358e+01
2.608235937398011828e+01
2.608778432532517044e+01
2.609320228850994638e+01
2.609861327108572482e+01
2.610401728059965976e+01
2.610941432459477696e+01
2.611480441060995616e+01
2.612018754617992400e+01
2.612556373883524330e+01
2.613093299610230602e+01
2.613629532550332613e+01
2.614165073455631472e+01
2.614699923077509069e+01
2.615234082166925944e+01
2.615767551474420571e+01
2.616300331750107944e+01
2.616832423743679215e+01
2.617363828204400988e+01
2.617894545881113899e+01
2.618424577522231189e+01
2.618953923875739065e+01
2.619482585689194565e+01
2.620010563709725560e+01
2.620537858684028976e+01
2.621064471358370440e+01
2.621590402478583215e+01
2.622115652790067486e+01
2.622640223037788942e+01
2.623164113966278777e+01
2.623687326319631552e+01
2.624209860841505204e+01
2.624731718275120329e+01
2.625252899363258408e+01
2.625773404848261805e+01
2.626293235472031995e+01
2.626812391976029915e+01
2.627330875101274188e+01
2.627848685588340416e+01
2.628365824177360111e+01
2.628882291608020338e+01
2.629398088619563012e+01
2.629913215950783112e+01
2.630427674340028688e+01
2.630941464525199791e+01
2.631454587243747767e+01
2.631967043232673831e+01
2.632478833228529069e+01
2.632989957967413375e+01
2.633500418184973668e+01
2.634010214616404966e+01
2.634519347996447891e+01
2.635027819059388321e+01
2.635535628539057385e+01
2.636042777168829687e+01
2.636549265681622956e+01
2.637055094809896971e+01
2.637560265285653571e+01
2.638064777840434516e+01
2.638568633205321845e+01
2.639071832110936811e+01
2.639574375287439167e+01
2.640076263464526107e+01
2.640577497371431548e+01
2.641078077736925778e+01
2.641578005289314035e+01
2.642077280756436863e+01
2.642575904865667979e+01
2.643073878343914629e+01
2.643571201917616165e+01
2.644067876312743692e+01
2.644563902254799714e+01
2.645059280468815999e+01
2.645554011679354645e+01
2.646048096610505951e+01
2.646541535985888416e+01
2.647034330528648027e+01
2.647526480961457196e+01
2.648017988006514756e+01
2.648508852385543832e+01
2.648999074819793265e+01
2.649488656030034761e+01
2.649977596736563612e+01
2.650465897659197978e+01
2.650953559517276759e+01
2.651440583029661013e+01
2.651926968914731830e+01
2.652412717890390326e+01
2.652897830674056223e+01
2.653382307982668209e+01
2.653866150532682511e+01
2.654349359040072898e+01
2.654831934220328904e+01
2.655313876788456540e+01
2.655795187458976869e+01
2.656275866945925657e+01
2.656755915962852654e+01
2.657235335222820538e+01
2.657714125438404906e+01
2.658192287321693215e+01
2.658669821584284776e+01
2.659146728937289694e+01
2.659623010091327799e+01
2.660098665756529002e+01
2.660573696642532227e+01
2.661048103458484348e+01
2.661521886913040547e+01
2.661995047714362883e+01
2.662467586570119948e+01
2.662939504187486861e+01
2.663410801273143491e+01
2.663881478533275171e+01
2.664351536673571275e+01
2.664820976399224861e+01
2.665289798414931965e+01
2.665758003424891598e+01
2.666225592132804678e+01
2.666692565241873325e+01
2.667158923454800501e+01
2.667624667473789657e+01
2.668089798000544377e+01
2.668554315736266958e+01
2.669018221381658762e+01
2.669481515636918800e+01
2.669944199201744439e+01
2.670406272775329626e+01
2.670867737056364888e+01
2.671328592743036978e+01
2.671788840533028164e+01
2.672248481123515518e+01
2.672707515211170559e+01
2.673165943492159258e+01
2.673623766662140611e+01
2.674080985416266287e+01
2.674537600449180985e+01
2.674993612455021363e+01
2.675449022127414977e+01
2.675903830159480989e+01
2.676358037243828392e+01
2.676811644072556717e+01
2.677264651337254620e+01
2.677717059729000226e+01
2.678168869938359720e+01
2.678620082655387336e+01
2.679070698569625364e+01
2.679520718370103083e+01
2.679970142745336403e+01
2.680418972383327159e+01
2.680867207971563460e+01
2.681314850197018274e+01
2.681761899746149425e+01
2.682208357304899593e+01
2.682654223558695250e+01
2.683099499192446302e+01
2.683544184890545381e+01
2.683988281336868553e+01
2.684431789214773545e+01
2.684874709207099741e+01
2.685317041996168541e+01
2.685758788263781582e+01
2.686199948691221451e+01
2.686640523959250970e+01
2.687080514748112137e+01
2.687519921737526474e+01
2.687958745606694677e+01
2.688396987034295549e+01
2.688834646698486353e+01
2.689271725276901392e+01
2.689708223446652724e+01
2.690144141884329443e+01
2.690579481265996620e+01
2.691014242267196011e+01
2.691448425562944635e+01
2.691882031827735133e+01
2.692315061735535053e+01
2.692747515959786497e+01
2.693179395173406121e+01
2.693610700048784068e+01
2.694041431257783969e+01
2.694471589471742590e+01
2.694901175361470180e+01
2.695330189597248349e+01
2.695758632848831482e+01
2.696186505785445675e+01
2.696613809075788026e+01
2.697040543388026990e+01
2.697466709389801665e+01
2.697892307748221441e+01
2.698317339129865644e+01
