1.000000000000000000e+02
1.002223967142667220e+02
1.004449095004572143e+02
1.006675381857821634e+02
1.008902825968429369e+02
1.011131425598695728e+02
1.013361179008648918e+02
1.015592084456911834e+02
1.017824140201221468e+02
1.020057344498740406e+02
1.022291695606243422e+02
1.024527191780229458e+02
1.026763831276988839e+02
1.029001612352643491e+02
1.031240533263171670e+02
1.033480592264422881e+02
1.035721787612126832e+02
1.037964117561899684e+02
1.040207580369247751e+02
1.042452174289569626e+02
1.044697897578158745e+02
1.046944748490204091e+02
1.049192725280791905e+02
1.051441826204905965e+02
1.053692049517429155e+02
1.055943393473143601e+02
1.058195856326732098e+02
1.060449436332778106e+02
1.062704131745767029e+02
1.064959940820086786e+02
1.067216861810027950e+02
1.069474892969785316e+02
1.071734032553457752e+02
1.073994278815049199e+02
1.076255630008469240e+02
1.078518084387533946e+02
1.080781640205966028e+02
1.083046295717395680e+02
1.085312049175361295e+02
1.087578898833309893e+02
1.089846842944597682e+02
1.092115879762490778e+02
1.094386007540165480e+02
1.096657224530709271e+02
1.098929528987120818e+02
1.101202919162310820e+02
1.103477393309102581e+02
1.105752949680232433e+02
1.108029586528350166e+02
1.110307302106019449e+02
1.112586094665718690e+02
1.114865962459841171e+02
1.117146903740695478e+02
1.119428916760506354e+02
1.121711999771414696e+02
1.123996151025478270e+02
1.126281368774672131e+02
1.128567651270888916e+02
1.130854996765939262e+02
1.133143403511552378e+02
1.135432869759376189e+02
1.137723393760978041e+02
1.140014973767844850e+02
1.142307608031383523e+02
1.144601294802921245e+02
1.146896032333706046e+02
1.149191818874906943e+02
1.151488652677614226e+02
1.153786531992840025e+02
1.156085455071518311e+02
1.158385420164505604e+02
1.160686425522580976e+02
1.162988469396446192e+02
1.165291550036726562e+02
1.167595665693970517e+02
1.169900814618650173e+02
1.172206995061161905e+02
1.174514205271826057e+02
1.176822443500887516e+02
1.179131707998515708e+02
1.181441997014805025e+02
1.183753308799774828e+02
1.186065641603369869e+02
1.188378993675460151e+02
1.190693363265841498e+02
1.193008748624235409e+02
1.195325148000289346e+02
1.197642559643576874e+02
1.199960981803597804e+02
1.202280412729778334e+02
1.204600850671471193e+02
1.206922293877955497e+02
1.209244740598437176e+02
1.211568189082049116e+02
1.213892637577850877e+02
1.216218084334828973e+02
1.218544527601897016e+02
1.220871965627895577e+02
1.223200396661592606e+02
1.225529818951682870e+02
1.227860230746788375e+02
1.230191630295458651e+02
1.232524015846170045e+02
1.234857385647326282e+02
1.237191737947258190e+02
1.239527070994223976e+02
1.241863383036408806e+02
1.244200672321924941e+02
1.246538937098811743e+02
1.248878175615035815e+02
1.251218386118490287e+02
1.253559566856995389e+02
1.255901716078298165e+02
1.258244832030072189e+02
1.260588912959917707e+02
1.262933957115361494e+02
1.265279962743856572e+02
1.267626928092782066e+02
1.269974851409443346e+02
1.272323730941071602e+02
1.274673564934823844e+02
1.277024351637782615e+02
1.279376089296955996e+02
1.281728776159276890e+02
1.284082410471603737e+02
1.286436990480719373e+02
1.288792514433331462e+02
1.291148980576072063e+02
1.293506387155497066e+02
1.295864732418086476e+02
1.298224014610243842e+02
1.300584231978295975e+02
1.302945382768492948e+02
1.305307465227007242e+02
1.307670477599934600e+02
1.310034418133292320e+02
1.312399285073019541e+02
1.314765076664977244e+02
1.317131791154947678e+02
1.319499426788633798e+02
1.321867981811658979e+02
1.324237454469567012e+02
1.326607843007821543e+02
1.328979145671805213e+02
1.331351360706819946e+02
1.333724486358086381e+02
1.336098520870743300e+02
1.338473462489847066e+02
1.340849309460371899e+02
1.343226060027208177e+02
1.345603712435163288e+02
1.347982264928960774e+02
1.350361715753239196e+02
1.352742063152552419e+02
1.355123305371369042e+02
1.357505440654071549e+02
1.359888467244956018e+02
1.362272383388231844e+02
1.364657187328020314e+02
1.367042877308355457e+02
1.369429451573182064e+02
1.371816908366356529e+02
1.374205245931644868e+02
1.376594462512723283e+02
1.378984556353176743e+02
1.381375525696499267e+02
1.383767368786092504e+02
1.386160083865265733e+02
1.388553669177234440e+02
1.390948122965120604e+02
1.393343443471951559e+02
1.395739628940659429e+02
1.398136677614080270e+02
1.400534587734953789e+02
1.402933357545922490e+02
1.405332985289530541e+02
1.407733469208224051e+02
1.410134807544349087e+02
1.412536998540152240e+02
1.414940040437779203e+02
1.417343931479273635e+02
1.419748669906577447e+02
1.422154253961529378e+02
1.424560681885863858e+02
1.426967951921211295e+02
1.429376062309096085e+02
1.431785011290936893e+02
1.434194797108044952e+02
1.436605418001624059e+02
1.439016872212768874e+02
1.441429157982464631e+02
1.443842273551586288e+02
1.446256217160897677e+02
1.448670987051050076e+02
1.451086581462581933e+02
1.453502998635918004e+02
1.455920236811367943e+02
1.458338294229125722e+02
1.460757169129268789e+02
1.463176859751756922e+02
1.465597364336431383e+02
1.468018681123013778e+02
1.470440808351105488e+02
1.472863744260186536e+02
1.475287487089614160e+02
1.477712035078622534e+02
1.480137386466321345e+02
1.482563539491694655e+02
1.484990492393600618e+02
1.487418243410769207e+02
1.489846790781802497e+02
1.492276132745172390e+02
1.494706267539220903e+02
1.497137193402157322e+02
1.499568908572059058e+02
1.502001411286869086e+02
1.504434699784395661e+02
1.506868772302310617e+02
1.509303627078148793e+02
1.511739262349306614e+02
1.514175676353040956e+02
1.516612867326467722e+02
1.519050833506561275e+02
1.521489573130153019e+02
1.523929084433929688e+02
1.526369365654433068e+02
1.528810415028058003e+02
1.531252230791051545e+02
1.533694811179512101e+02
1.536138154429387157e+02
1.538582258776472713e+02
1.541027122456412144e+02
1.543472743704694778e+02
1.545919120756654763e+02
1.548366251847468789e+02
1.550814135212156373e+02
1.553262769085577588e+02
1.555712151702431640e+02
1.558162281297255731e+02
1.560613156104424490e+02
1.563064774358147133e+02
1.565517134292467176e+02
1.567970234141261017e+02
1.570424072138235942e+02
1.572878646516929280e+02
1.575333955510706971e+02
1.577789997352761588e+02
1.580246770276111477e+02
1.582704272513599619e+02
1.585162502297891081e+02
1.587621457861472436e+02
1.590081137436650351e+02
1.592541539255549310e+02
1.595002661550111043e+02
1.597464502552092540e+02
1.599927060493064630e+02
1.602390333604410557e+02
1.604854320117323994e+02
1.607319018262808186e+02
1.609784426271673965e+02
1.612250542374538611e+02
1.614717364801823294e+02
1.617184891783752789e+02
1.619653121550353205e+02
1.622122052331449993e+02
1.624591682356667377e+02
1.627062009855425515e+02
1.629533033056939928e+02
1.632004750190219511e+02
1.634477159484064259e+02
1.636950259167064416e+02
1.639424047467598484e+02
1.641898522613831801e+02
1.644373682833713985e+02
1.646849526354978366e+02
1.649326051405139424e+02
1.651803256211491657e+02
1.654281139001107306e+02
1.656759698000834931e+02
1.659238931437297424e+02
1.661718837536890874e+02
1.664199414525781435e+02
1.666680660629905049e+02
1.669162574074964880e+02
1.671645153086429332e+02
1.674128395889530907e+02
1.676612300709263366e+02
1.679096865770381157e+02
1.681582089297396294e+02
1.684067969514577214e+02
1.686554504645946793e+02
1.689041692915280350e+02
1.691529532546103667e+02
1.694018021761691557e+02
1.696507158785065315e+02
1.698996941838991290e+02
1.701487369145978334e+02
1.703978438928276660e+02
1.706470149407874999e+02
1.708962498806499468e+02
1.711455485345610725e+02
1.713949107246403116e+02
1.716443362729801265e+02
1.718938250016458937e+02
1.721433767326757334e+02
1.723929912880801680e+02
1.726426684898420945e+02
1.728924081599164140e+02
1.731422101202299473e+02
1.733920741926811502e+02
1.736420001991399431e+02
1.738919879614474837e+02
1.741420373014159679e+02
1.743921480408283742e+02
1.746423200014383497e+02
1.748925530049698693e+02
1.751428468731170938e+02
1.753932014275441418e+02
1.756436164898848915e+02
1.758940918817426962e+02
1.761446274246902419e+02
1.763952229402692637e+02
1.766458782499903748e+02
1.768965931753327823e+02
1.771473675377441168e+02
1.773982011586402052e+02
1.776490938594047861e+02
1.779000454613893396e+02
1.781510557859128596e+02
1.784021246542615415e+02
1.786532518876886684e+02
1.789044373074142982e+02
1.791556807346250650e+02
1.794069819904739234e+02
1.796583408960799204e+02
1.799097572725279406e+02
1.801612309408685348e+02
1.804127617221176081e+02
1.806643494372561918e+02
1.809159939072302166e+02
1.811676949529502849e+02
1.814194523952913869e+02
1.816712660550927012e+02
1.819231357531573394e+02
1.821750613102520333e+02
1.824270425471069927e+02
1.826790792844155646e+02
1.829311713428340624e+02
1.831833185429814250e+02
1.834355207054390462e+02
1.836877776507504620e+02
1.839400891994211520e+02
1.841924551719182546e+02
1.844448753886702548e+02
1.846973496700668420e+02
1.849498778364585405e+02
1.852024597081565389e+02
1.854550951054323491e+02
1.857077838485175789e+02
1.859605257576037047e+02
1.862133206528417304e+02
1.864661683543420168e+02
1.867190686821738836e+02
1.869720214563654679e+02
1.872250264969034106e+02
1.874780836237325445e+02
1.877311926567556952e+02
1.879843534158333398e+02
1.882375657207833797e+02
1.884908293913808279e+02
1.887441442473575819e+02
1.889975101084021105e+02
1.892509267941591702e+02
1.895043941242295489e+02
1.897579119181697536e+02
1.900114799954917828e+02
1.902650981756628141e+02
1.905187662781048630e+02
1.907724841221946122e+02
1.910262515272630139e+02
1.912800683125950911e+02
1.915339342974295960e+02
1.917878493009587260e+02
1.920418131423278396e+02
1.922958256406351438e+02
1.925498866149314665e+02
1.928039958842199155e+02
1.930581532674555376e+02
1.933123585835451195e+02
1.935666116513467898e+02
1.938209122896698204e+02
1.940752603172742283e+02
1.943296555528705767e+02
1.945840978151195486e+02
1.948385869226317482e+02
1.950931226939673593e+02
1.953477049476358616e+02
1.956023335020956324e+02
1.958570081757537764e+02
1.961117287869657275e+02
1.963664951540349364e+02
1.966213070952125861e+02
1.968761644286972796e+02
1.971310669726347271e+02
1.973860145451174049e+02
1.976410069641842711e+02
1.978960440478204248e+02
1.981511256139568218e+02
1.984062514804698765e+02
1.986614214651812631e+02
1.989166353858574610e+02
1.991718930602094986e+02
1.994271943058926695e+02
1.996825389405061344e+02
1.999379267815926369e+02
2.001933576466381055e+02
2.004488313530714549e+02
2.007043477182641311e+02
2.009599065595298555e+02
2.012155076941242555e+02
2.014711509392445237e+02
2.017268361120291331e+02
2.019825630295574115e+02
2.022383315088493418e+02
2.024941413668650796e+02
2.027499924205046682e+02
2.030058844866077550e+02
2.032618173819531648e+02
2.035177909232586160e+02
2.037738049271803220e+02
2.040298592103127078e+02
2.042859535891879830e+02
2.045420878802758864e+02
2.047982618999832880e+02
2.050544754646538195e+02
2.053107283905675615e+02
2.055671131087998162e+02
2.058235986670210025e+02
2.060801849503025664e+02
2.063368718438018163e+02
2.065936592327619792e+02
2.068505470025122861e+02
2.071075350384680007e+02
2.073646232261304476e+02
2.076218114510871544e+02
2.078790995990117665e+02
2.081364875556642744e+02
2.083939752068909002e+02
2.086515624386242962e+02
2.089092491368834601e+02
2.091670351877739336e+02
2.094249204774877171e+02
2.096829048923033838e+02
2.099409883185861645e+02
2.101991706427879478e+02
2.104574517514473371e+02
2.107158315311897070e+02
2.109743098687272891e+02
2.112328866508591716e+02
2.114915617644713279e+02
2.117503350965367588e+02
2.120092065341154353e+02
2.122681759643544410e+02
2.125272432744879154e+02
2.127864083518372240e+02
2.130456710838109302e+02
2.133050313579047952e+02
2.135644890617019485e+02
2.138240440828728310e+02
2.140836963091752807e+02
2.143434456284545888e+02
2.146032919286435003e+02
2.148632350977622991e+02
2.151232750239188363e+02
2.153834115953085870e+02
2.156436447002146792e+02
2.159039742270079216e+02
2.161644000641468608e+02
2.164249221001778665e+02
2.166855402237351029e+02
2.169462543235405860e+02
2.172070642884042684e+02
2.174679700072240394e+02
2.177289713689857820e+02
2.179900682627633728e+02
2.182512605777187957e+02
2.185125482031021136e+02
2.187739310282515532e+02
2.190354089425935058e+02
2.192969818356425833e+02
2.195586495970016756e+02
2.198204121163619789e+02
2.200822692835029670e+02
2.203442209882925056e+02
2.206062671206868799e+02
2.208684075707308239e+02
2.211306422285575195e+02
2.213929709843886826e+02
2.216553937285345626e+02
2.219179103513939992e+02
2.221805207434544513e+02
2.224432247952919965e+02
2.227060223975714166e+02
2.229689134410461975e+02
2.232318978165586145e+02
2.234949754150396473e+02
2.237581461275091499e+02
2.240214098450758229e+02
2.242847664589371846e+02
2.245482158603797416e+02
2.248117579407788469e+02
2.250753925915988987e+02
2.253391197043932266e+02
2.256029391708042340e+02
2.258668508825633694e+02
2.261308547314911550e+02
2.263949506094972435e+02
2.266591384085804464e+02
2.269234180208286773e+02
2.271877893384191225e+02
2.274522522536181270e+02
2.277168066587813371e+02
2.279814524463536713e+02
2.282461895088693495e+02
2.285110177389519208e+02
2.287759370293142638e+02
2.290409472727586717e+02
2.293060483621768526e+02
2.295712401905499007e+02
2.298365226509484103e+02
2.301018956365324470e+02
2.303673590405515483e+02
2.306329127563448367e+02
2.308985566773409062e+02
2.311642906970579929e+02
2.314301147091039184e+02
2.316960286071760891e+02
2.319620322850615821e+02
2.322281256366370883e+02
2.324943085558690257e+02
2.327605809368135112e+02
2.330269426736163609e+02
2.332933936605131464e+02
2.335599337918292235e+02
2.338265629619796755e+02
2.340932810654694549e+02
2.343600879968932702e+02
2.346269836509356992e+02
2.348939679223711892e+02
2.351610407060640284e+02
2.354282018969684316e+02
2.356954513901285111e+02
2.359627890806783057e+02
2.362302148638418089e+02
2.364977286349329404e+02
2.367653302893556315e+02
2.370330197226037967e+02
2.373007968302613335e+02
2.375686615080022079e+02
2.378366136515903690e+02
2.381046531568798628e+02
2.383727799198148034e+02
2.386409938364293453e+02
2.389092948028477679e+02
2.391776827152844760e+02
2.394461574700439428e+02
2.397147189635207951e+02
2.399833670921998419e+02
2.402521017526560172e+02
2.405209228415544089e+02
2.407898302556503154e+02
2.410588238917892170e+02
2.413279036469068046e+02
2.415970694180289797e+02
2.418663211022718826e+02
2.421356585968418642e+02
2.424050817990355142e+02
2.426745906062397182e+02
2.429441849159316007e+02
2.432138646256785535e+02
2.434836296331382641e+02
2.437534798360586876e+02
2.440234151322781031e+02
2.442934354197250570e+02
2.445635405964184770e+02
2.448337305604675578e+02
2.451040052100718185e+02
2.453743644435211309e+02
2.456448081591957191e+02
2.459153362555661317e+02
2.461859486311932699e+02
2.464566451847284156e+02
2.467274258149132038e+02
2.469982904205796217e+02
2.472692389006500377e+02
2.475402711541372014e+02
2.478113870801442715e+02
2.480825865778647312e+02
2.483538695465825015e+02
2.486252358856718843e+02
2.488966854945975911e+02
2.491682182729146859e+02
2.494398341202686993e+02
2.497115329363954856e+02
2.499833146211213943e+02
2.502551790743630988e+02
2.505271261961277389e+02
2.507991558865128354e+02
2.510712680457063186e+02
2.513434625739865567e+02
2.516157393717222988e+02
2.518880983393727320e+02
2.521605393774874244e+02
2.524330623867063821e+02
2.527056672677600204e+02
2.529783539214691359e+02
2.532511222487449629e+02
2.535239721505891453e+02
2.537969035280937078e+02
2.540699162824410848e+02
2.543430103149041202e+02
2.546161855268460386e+02
2.548894418197205027e+02
2.551627790950715280e+02
2.554361972545335107e+02
2.557096961998312850e+02
2.559832758327800093e+02
2.562569360552852800e+02
2.565306767693429606e+02
2.568044978770394096e+02
2.570783992805513094e+02
2.573523808821456669e+02
2.576264425841798698e+02
2.579005842891016300e+02
2.581748058994490407e+02
2.584491073178505189e+02
2.587234884470247493e+02
2.589979491897808543e+02
2.592724894490181669e+02
2.595471091277264009e+02
2.598218081289855945e+02
2.600965863559659965e+02
2.603714437119281797e+02
2.606463801002229843e+02
2.609213954242915179e+02
2.611964895876652122e+02
2.614716624939657095e+02
2.617469140469048625e+02
2.620222441502848483e+02
2.622976527079979405e+02
2.625731396240267372e+02
2.628487048024440469e+02
2.631243481474127748e+02
2.634000695631861504e+02
2.636758689541074432e+02
2.639517462246101900e+02
2.642277012792179676e+02
2.645037340225446201e+02
2.647798443592940885e+02
2.650560321942603537e+02
2.653322974323276071e+02
2.656086399784700802e+02
2.658850597377520444e+02
2.661615566153279815e+02
2.664381305164422429e+02
2.667147813464293904e+02
2.669915090107139122e+02
2.672683134148103363e+02
2.675451944643232309e+02
2.678221520649470904e+02
2.680991861224664490e+02
2.683762965427557674e+02
2.686534832317794326e+02
2.689307460955917577e+02
2.692080850403370391e+02
2.694854999722493858e+02
2.697629907976528330e+02
2.700405574229612853e+02
2.703181997546785169e+02
2.705959176993980577e+02
2.708737111638033639e+02
2.711515800546675905e+02
2.714295242788537621e+02
2.717075437433146021e+02
2.719856383550926466e+02
2.722638080213201874e+02
2.725420526492191016e+02
2.728203721461010787e+02
2.730987664193674505e+02
2.733772353765091907e+02
2.736557789251069721e+02
2.739343969728309958e+02
2.742130894274411617e+02
2.744918561967868982e+02
2.747706971888072189e+02
2.750496123115307228e+02
2.753286014730754232e+02
2.756076645816489759e+02
2.758868015455483942e+02
2.761660122731602200e+02
2.764452966729604668e+02
2.767246546535145058e+02
2.770040861234771796e+02
2.772835909915926322e+02
2.775631691666944221e+02
2.778428205577054655e+02
2.781225450736379230e+02
2.784023426235933130e+02
2.786822131167623411e+02
2.789621564624250709e+02
2.792421725699507533e+02
2.795222613487977696e+02
2.798024227085137454e+02
2.800826565587354935e+02
2.803629628091889003e+02
2.806433413696889829e+02
2.809237921501398318e+02
2.812043150605346113e+02
2.814849100109555593e+02
2.817655769115738167e+02
2.820463156726496550e+02
2.823271262045321919e+02
2.826080084176595051e+02
2.828889622225586322e+02
2.831699875298455140e+02
2.834510842502248238e+02
2.837322522944901948e+02
2.840134915735240497e+02
2.842948019982976007e+02
2.845761834798707355e+02
2.848576359293921882e+02
2.851391592580993120e+02
2.854207533773181353e+02
2.857024181984634197e+02
2.859841536330384315e+02
2.862659595926351699e+02
2.865478359889340823e+02
2.868297827337041781e+02
2.871117997388030290e+02
2.873938869161766547e+02
2.876760441778595805e+02
2.879582714359746660e+02
2.882405686027332194e+02
2.885229355904349404e+02
2.888053723114678064e+02
2.890878786783081864e+02
2.893704546035206704e+02
2.896530999997581262e+02
2.899358147797616425e+02
2.902185988563604724e+02
2.905014521424720328e+02
2.907843745511019051e+02
2.910673659953437777e+02
2.913504263883793897e+02
2.916335556434784735e+02
2.919167536739988691e+02
2.922000203933862963e+02
2.924833557151744685e+02
2.927667595529850360e+02
2.930502318205274719e+02
2.933337724315991295e+02
2.936173813000852419e+02
2.939010583399587517e+02
2.941848034652803676e+02
2.944686165901985078e+02
2.947524976289493566e+02
2.950364464958566373e+02
2.953204631053318394e+02
2.956045473718739345e+02
2.958886992100694329e+02
2.961729185345924975e+02
2.964572052602046597e+02
2.967415593017549327e+02
2.970259805741798118e+02
2.973104689925031607e+02
2.975950244718360977e+02
2.978796469273772232e+02
2.981643362744122783e+02
2.984490924283143727e+02
2.987339153045437001e+02
2.990188048186477658e+02
2.993037608862611592e+02
2.995887834231056104e+02
2.998738723449898771e+02
3.001590275678098010e+02
3.004442490075481942e+02
3.007295365802748393e+02
3.010148902021464323e+02
3.013003097894066400e+02
3.015857952583859287e+02
3.018713465255016217e+02
3.021569635072577853e+02
3.024426461202452288e+02
3.027283942811415045e+02
3.030142079067108511e+02
3.033000869138041367e+02
3.035860312193588015e+02
3.038720407403988588e+02
3.041581153940348941e+02
3.044442550974638948e+02
3.047304597679693643e+02
3.050167293229212078e+02
3.053030636797756756e+02
3.055894627560753634e+02
3.058759264694491549e+02
3.061624547376122223e+02
3.064490474783659124e+02
3.067357046095977466e+02
3.070224260492814778e+02
3.073092117154768630e+02
3.075960615263297200e+02
3.078829754000719277e+02
3.081699532550213689e+02
3.084569950095818172e+02
3.087441005822429361e+02
3.090312698915803367e+02
3.093185028562553498e+02
3.096057993950151399e+02
3.098931594266926481e+02
3.101805828702064218e+02
3.104680696445607850e+02
3.107556196688455543e+02
3.110432328622362093e+02
3.113309091439937788e+02
3.116186484334646707e+02
3.119064506500808989e+02
3.121943157133597424e+02
3.124822435429039729e+02
3.127702340584016270e+02
3.130582871796260633e+02
3.133464028264358490e+02
3.136345809187747591e+02
3.139228213766717204e+02
3.142111241202408678e+02
3.144994890696812604e+02
3.147879161452771086e+02
3.150764052673975470e+02
3.153649563564966911e+02
3.156535693331135803e+02
3.159422441178720646e+02
3.162309806314808043e+02
3.165197787947332699e+02
3.168086385285076858e+02
3.170975597537668591e+02
3.173865423915583506e+02
3.176755863630143040e+02
3.179646915893513892e+02
3.182538579918707455e+02
3.185430854919580383e+02
3.188323740110833455e+02
3.191217234708011006e+02
3.194111337927500927e+02
3.197006048986534097e+02
3.199901367103183816e+02
3.202797291496364664e+02
3.205693821385833644e+02
3.208590955992188469e+02
3.211488694536867001e+02
3.214387036242148383e+02
3.217285980331150199e+02
3.220185526027830747e+02
3.223085672556985628e+02
3.225986419144250021e+02
3.228887765016095841e+02
3.231789709399833441e+02
3.234692251523609912e+02
3.237595390616407940e+02
3.240499125908047517e+02
3.243403456629183665e+02
3.246308382011306435e+02
3.249213901286740338e+02
3.252120013688644349e+02
3.255026718451011334e+02
3.257934014808666916e+02
3.260841901997270043e+02
3.263750379253310712e+02
3.266659445814112246e+02
3.269569100917829019e+02
3.272479343803445317e+02
3.275390173710776480e+02
3.278301589880467759e+02
3.281213591553993751e+02
3.284126177973657832e+02
3.287039348382592152e+02
3.289953102024756504e+02
3.292867438144938319e+02
3.295782355988752101e+02
3.298697854802639426e+02
3.301613933833866668e+02
3.304530592330526702e+02
3.307447829541537203e+02
3.310365644716640645e+02
3.313284037106403161e+02
3.316203005962214547e+02
3.319122550536287690e+02
3.322042670081658571e+02
3.324963363852185125e+02
3.327884631102546678e+02
3.330806471088243939e+02
3.333728883065597870e+02
3.336651866291749684e+02
3.339575420024660843e+02
3.342499543523110788e+02
3.345424236046698638e+02
3.348349496855841494e+02
3.351275325211773861e+02
3.354201720376547087e+02
3.357128681613029357e+02
3.360056208184905699e+02
3.362984299356675706e+02
3.365912954393654672e+02
3.368842172561972461e+02
3.371771953128572363e+02
3.374702295361212805e+02
3.377633198528463367e+02
3.380564661899707630e+02
3.383496684745140897e+02
3.386429266335769626e+02
3.389362405943411432e+02
3.392296102840695085e+02
3.395230356301058237e+02
3.398165165598749127e+02
3.401100530008824308e+02
3.404036448807148645e+02
3.406972921270395886e+02
3.409909946676045820e+02
3.412847524302386546e+02
3.415785653428511637e+02
3.418724333334320704e+02
3.421663563300518263e+02
3.424603342608614867e+02
3.427543670540923699e+02
3.430484546380563415e+02
3.433425969411454730e+02
3.436367938918321556e+02
3.439310454186689299e+02
3.442253514502885992e+02
3.445197119154040593e+02
3.448141267428081846e+02
3.451085958613739422e+02
3.454031192000542205e+02
3.456976966878818303e+02
3.459923282539693901e+02
3.462870138275093268e+02
3.465817533377738187e+02
3.468765467141146814e+02
3.471713938859634823e+02
3.474662947828312554e+02
3.477612493343085589e+02
3.480562574700655318e+02
3.483513191198516097e+02
3.486464342134956382e+02
3.489416026809058167e+02
3.492368244520695271e+02
3.495320994570533912e+02
3.498274276260032138e+02
3.501228088891438119e+02
3.504182431767791286e+02
3.507137304192920055e+02
3.510092705471442969e+02
3.513048634908766417e+02
3.516005091811085776e+02
3.518962075485384275e+02
3.521919585239431285e+02
3.524877620381783458e+02
3.527836180221783593e+02
3.530795264069559494e+02
3.533754871236023973e+02
3.536715001032874284e+02
3.539675652772592116e+02
3.542636825768441327e+02
3.545598519334469074e+02
3.548560732785504683e+02
3.551523465437159075e+02
3.554486716605824199e+02
3.557450485608672466e+02
3.560414771763656177e+02
3.563379574389507525e+02
3.566344892805736890e+02
3.569310726332632839e+02
3.572277074291262693e+02
3.575243936003469685e+02
3.578211310791874666e+02
3.581179197979873834e+02
3.584147596891638727e+02
3.587116506852116800e+02
3.590085927187029142e+02
3.593055857222870486e+02
3.596026296286909201e+02
3.598997243707186158e+02
3.601968698812514731e+02
3.604940660932479091e+02
3.607913129397434773e+02
3.610886103538508110e+02
3.613859582687594525e+02
3.616833566177359103e+02
3.619808053341236018e+02
3.622783043513426833e+02
3.625758536028901062e+02
3.628734530223395609e+02
3.631711025433413624e+02
3.634688020996223372e+02
3.637665516249859365e+02
3.640643510533120661e+02
3.643622003185570293e+02
3.646600993547534699e+02
3.649580480960103728e+02
3.652560464765128927e+02
3.655540944305224684e+02
3.658521918923766520e+02
3.661503387964890521e+02
3.664485350773492200e+02
3.667467806695228205e+02
3.670450755076512337e+02
3.673434195264518394e+02
3.676418126607177328e+02
3.679402548453177246e+02
3.682387460151962841e+02
3.685372861053735392e+02
3.688358750509451625e+02
3.691345127870823148e+02
3.694331992490315884e+02
3.697319343721149494e+02
3.700307180917296819e+02
3.703295503433483873e+02
3.706284310625188141e+02
3.709273601848638577e+02
3.712263376460815039e+02
3.715253633819448282e+02
3.718244373283018263e+02
3.721235594210754130e+02
3.724227295962633661e+02
3.727219477899382696e+02
3.730212139382473993e+02
3.733205279774127803e+02
3.736198898437310731e+02
3.739192994735734032e+02
3.742187568033854745e+02
3.745182617696873990e+02
3.748178143090736967e+02
3.751174143582132388e+02
3.754170618538491340e+02
3.757167567327987285e+02
3.760164989319534925e+02
3.763162883882790197e+02
3.766161250388149142e+02
