0.000000000000000000e+00
9.422570393042161152e-01
9.408740681450188381e-01
9.394800154953655280e-01
9.380789785478426124e-01
9.366736085036544424e-01
9.352655671175709173e-01
9.338558762736350882e-01
9.324451572877727745e-01
9.310337854402370716e-01
9.296219865788164505e-01
9.282098963930164315e-01
9.267975963900837444e-01
9.253851355908720988e-01
9.239725435643246776e-01
9.225598382407275144e-01
9.211470305889416510e-01
9.197341274140860001e-01
9.183211330301768172e-01
9.169080502598538907e-01
9.154948810318079833e-01
9.140816267377659399e-01
9.126682884457797407e-01
9.112548670276638951e-01
9.098413632351288749e-01
9.084277777452656188e-01
9.070141111877176865e-01
9.056003641609118304e-01
9.041865372417514646e-01
9.027726309914089198e-01
9.013586459587786814e-01
8.999445826825404060e-01
8.985304416923887150e-01
8.971162235097648319e-01
8.957019286482916787e-01
8.942875576140298932e-01
8.928731109056295967e-01
8.914585890144182123e-01
8.900439924244496481e-01
8.886293216125317196e-01
8.872145770482403604e-01
8.857997591939235082e-01
8.843848685047044356e-01
8.829699054284767534e-01
8.815548704059035234e-01
8.801397638704098192e-01
8.787245862481789516e-01
8.773093379581464735e-01
8.758940194119930744e-01
8.744786310141404728e-01
8.730631731617429780e-01
8.716476462446831608e-01
8.702320506455638593e-01
8.688163867397041829e-01
8.674006548951309625e-01
8.659848554725730896e-01
8.645689888254577404e-01
8.631530552998987194e-01
8.617370552346970136e-01
8.603209889613284700e-01
8.589048568039426845e-01
8.574886590793528995e-01
8.560723960970310076e-01
8.546560681591027775e-01
8.532396755603397498e-01
8.518232185881544627e-01
8.504066975225937908e-01
8.489901126363322836e-01
8.475734641946666148e-01
8.461567524555094755e-01
8.447399776693842455e-01
8.433231400794156674e-01
8.419062399213286252e-01
8.404892774234367092e-01
8.390722528066417718e-01
8.376551662844229362e-01
8.362380180628335991e-01
8.348208083404928814e-01
8.334035373085828535e-01
8.319862051508392087e-01
8.305688120435473776e-01
8.291513581555348678e-01
8.277338436481675998e-01
8.263162686753405817e-01
8.248986333834752438e-01
8.234809379115115568e-01
8.220631823909008151e-01
8.206453669456030831e-01
8.192274916920782024e-01
8.178095567392817955e-01
8.163915621886577156e-01
8.149735081341322740e-01
8.135553946621105759e-01
8.121372218514656405e-01
8.107189897735392892e-01
8.093006984921291558e-01
8.078823480634880205e-01
8.064639385363152613e-01
8.050454699517515245e-01
8.036269423433727299e-01
8.022083557371841867e-01
8.007897101516153748e-01
7.993710055975119522e-01
7.979522420781328673e-01
7.965334195891418112e-01
7.951145381186026651e-01
7.936955976469741714e-01
7.922765981471011631e-01
7.908575395842127875e-01
7.894384219159132909e-01
7.880192450921775782e-01
7.866000090553452173e-01
7.851807137401152215e-01
7.837613590735388325e-01
7.823419449750138588e-01
7.809224713562804565e-01
7.795029381214121367e-01
7.780833451668139888e-01
7.766636923812134663e-01
7.752439796456561671e-01
7.738242068335000612e-01
7.724043738104080514e-01
7.709844804343437552e-01
7.695645265555663972e-01
7.681445120166221496e-01
7.667244366523410237e-01
7.653043002898297642e-01
7.638841027484657431e-01
7.624638438398924078e-01
7.610435233680121758e-01
7.596231411289809943e-01
7.582026969112044545e-01
7.567821904953280221e-01
7.553616216542342610e-01
7.539409901530371716e-01
7.525202957490738642e-01
7.510995381919014502e-01
7.496787172232893814e-01
7.482578325772158978e-01
7.468368839798595893e-01
7.454158711495939560e-01
7.439947937969848546e-01
7.425736516247800623e-01
7.411524443279071672e-01
7.397311715934657972e-01
7.383098331007222903e-01
7.368884285211041441e-01
7.354669575181942420e-01
7.340454197477251919e-01
7.326238148575723308e-01
7.312021424877508391e-01
7.297804022704063032e-01
7.283585938298104967e-01
7.269367167823577169e-01
7.255147707365552368e-01
7.240927552930204181e-01
7.226706700444732734e-01
7.212485145757325800e-01
7.198262884637069980e-01
7.184039912773925174e-01
7.169816225778653518e-01
7.155591819182753888e-01
7.141366688438410826e-01
7.127140828918453463e-01
7.112914235916260042e-01
7.098686904645743478e-01
7.084458830241254779e-01
7.070230007757555279e-01
7.056000432169744485e-01
7.041770098373201225e-01
7.027539001183525924e-01
7.013307135336492859e-01
6.999074495487980219e-01
6.984841076213933464e-01
6.970606872010265409e-01
6.956371877292850670e-01
6.942136086397416861e-01
6.927899493579536827e-01
6.913662093014532051e-01
6.899423878797431575e-01
6.885184844942912052e-01
6.870944985385243342e-01
6.856704293978215237e-01
6.842462764495098604e-01
6.828220390628580994e-01
6.813977165990703355e-01
6.799733084112813408e-01
6.785488138445499029e-01
6.771242322358522747e-01
6.756995629140780668e-01
6.742748052000240300e-01
6.728499584063872829e-01
6.714250218377597612e-01
6.699999947906237763e-01
6.685748765533447990e-01
6.671496664061655757e-01
6.657243636212021309e-01
6.642989674624351082e-01
6.628734771857063279e-01
6.614478920387116823e-01
6.600222112609961389e-01
6.585964340839478570e-01
6.571705597307913038e-01
6.557445874165827027e-01
6.543185163482030386e-01
6.528923457243539508e-01
6.514660747355500714e-01
6.500397025641131421e-01
6.486132283841690160e-01
6.471866513616375549e-01
6.457599706542309637e-01
6.443331854114440205e-01
6.429062947745520784e-01
6.414792978766015175e-01
6.400521938424068580e-01
6.386249817885443214e-01
6.371976608233431705e-01
6.357702300468841550e-01
6.343426885509901858e-01
6.329150354192230044e-01
6.314872697268756330e-01
6.300593905409654916e-01
6.286313969202327323e-01
6.272032879151299145e-01
6.257750625678180079e-01
6.243467199121601752e-01
6.229182589737169984e-01
6.214896787697385960e-01
6.200609783091595162e-01
6.186321565925947397e-01
6.172032126123299101e-01
6.157741453523200015e-01
6.143449537881786604e-01
6.129156368871762073e-01
6.114861936082316429e-01
6.100566229019067643e-01
6.086269237104022789e-01
6.071970949675484786e-01
6.057671355988015760e-01
6.043370445212381536e-01
6.029068206435473920e-01
6.014764628660271839e-01
6.000459700805758079e-01
5.986153411706885974e-01
5.971845750114499474e-01
5.957536704695282070e-01
5.943226264031697959e-01
5.928914416621928751e-01
5.914601150879807978e-01
5.900286455134783337e-01
5.885970317631834536e-01
5.871652726531422228e-01
5.857333669909428053e-01
5.843013135757093579e-01
5.828691111980957018e-01
5.814367586402805488e-01
5.800042546759603956e-01
5.785715980703427519e-01
5.771387875801425871e-01
5.757058219535742261e-01
5.742726999303464641e-01
5.728394202416552394e-01
5.714059816101797473e-01
5.699723827500737805e-01
5.685386223669622874e-01
5.671046991579329344e-01
5.656706118115324422e-01
5.642363590077585922e-01
5.628019394180554524e-01
5.613673517053059392e-01
5.599325945238283753e-01
5.584976665193663870e-01
5.570625663290875718e-01
5.556272925815739505e-01
5.541918438968174154e-01
5.527562188862118475e-01
5.513204161525508962e-01
5.498844342900172100e-01
5.484482718841798832e-01
5.470119275119877944e-01
5.455753997417608359e-01
5.441386871331882480e-01
5.427017882373190716e-01
5.412647015965559305e-01
5.398274257446520341e-01
5.383899592067022954e-01
5.369523004991378912e-01
5.355144481297220427e-01
5.340764005975400242e-01
5.326381563929967200e-01
5.311997139978094085e-01
5.297610718849998790e-01
5.283222285188919898e-01
5.268831823551006766e-01
5.254439318405303982e-01
5.240044754133675875e-01
5.225648115030716578e-01
5.211249385303733384e-01
5.196848549072669021e-01
5.182445590370016175e-01
5.168040493140795277e-01
5.153633241242462359e-01
5.139223818444866865e-01
5.124812208430176153e-01
5.110398394792834420e-01
5.095982361039467223e-01
5.081564090588865934e-01
5.067143566771875607e-01
5.052720772831382767e-01
5.038295691922205499e-01
5.023868307111084563e-01
5.009438601376571265e-01
4.995006557608996367e-01
4.980572158610410138e-01
4.966135387094490761e-01
4.951696225686527675e-01
4.937254656923321661e-01
4.922810663253136543e-01
4.908364227035649785e-01
4.893915330541868114e-01
4.879463955954088106e-01
4.865010085365813475e-01
4.850553700781719546e-01
4.836094784117558332e-01
4.821633317200132440e-01
4.807169281767200153e-01
4.792702659467442672e-01
4.778233431860384739e-01
4.763761580416343566e-01
4.749287086516355560e-01
4.734809931452113041e-01
4.720330096425929822e-01
4.705847562550650176e-01
4.691362310849604422e-01
4.676874322256523997e-01
4.662383577615517027e-01
4.647890057680976739e-01
4.633393743117532604e-01
4.618894614499979290e-01
4.604392652313238354e-01
4.589887836952268874e-01
4.575380148722016926e-01
4.560869567837357863e-01
4.546356074423041349e-01
4.531839648513598107e-01
4.517320270053334363e-01
4.502797918896208063e-01
4.488272574805809434e-01
4.473744217455296601e-01
4.459212826427310650e-01
4.444678381213941210e-01
4.430140861216641524e-01
4.415600245746193475e-01
4.401056514022631538e-01
4.386509645175175609e-01
4.371959618242173273e-01
4.357406412171060950e-01
4.342850005818271741e-01
4.328290377949194911e-01
4.313727507238103165e-01
4.299161372268106018e-01
4.284591951531075416e-01
4.270019223427583555e-01
4.255443166266860699e-01
4.240863758266719685e-01
4.226280977553505958e-01
4.211694802162018747e-01
4.197105210035472211e-01
4.182512179025415500e-01
4.167915686891701110e-01
4.153315711302379976e-01
4.138712229833705347e-01
4.124105219969998459e-01
4.109494659103654080e-01
4.094880524535037258e-01
4.080262793472448912e-01
4.065641443032050328e-01
4.051016450237814870e-01
4.036387792021462473e-01
4.021755445222400249e-01
4.007119386587675858e-01
3.992479592771889796e-01
3.977836040337170420e-01
3.963188705753095675e-01
3.948537565396632587e-01
3.933882595552090078e-01
3.919223772411054574e-01
3.904561072072325056e-01
3.889894470541868099e-01
3.875223943732751253e-01
3.860549467465081985e-01
3.845871017465958830e-01
3.831188569369415875e-01
3.816502098716343938e-01
3.801811580954455039e-01
3.787116991438221891e-01
3.772418305428809071e-01
3.757715498094023610e-01
3.743008544508273916e-01
3.728297419652471523e-01
3.713582098414012211e-01
3.698862555586707179e-01
3.684138765870728638e-01
3.669410703872547086e-01
3.654678344104880239e-01
3.639941660986637517e-01
3.625200628842862871e-01
3.610455221904684264e-01
3.595705414309244285e-01
3.580951180099665176e-01
3.566192493224977222e-01
3.551429327540081005e-01
3.536661656805660248e-01
3.521889454688169052e-01
3.507112694759748628e-01
3.492331350498186215e-01
3.477545395286851804e-01
3.462754802414660382e-01
3.447959545075998111e-01
3.433159596370689570e-01
3.418354929303917267e-01
3.403545516786202207e-01
3.388731331633340060e-01
3.373912346566329545e-01
3.359088534211336907e-01
3.344259867099663164e-01
3.329426317667639190e-01
3.314587858256627939e-01
3.299744461112958382e-01
3.284896098387848906e-01
3.270042742137389546e-01
3.255184364322481483e-01
3.240320936808768204e-01
3.225452431366618300e-01
3.210578819671046080e-01
3.195700073301701027e-01
8.182018557146168991e-01
8.172698921432230978e-01
8.163386234143086284e-01
8.154080499894134082e-01
8.144781723268774698e-01
8.135489908818467342e-01
8.126205061062804491e-01
8.116927184489567404e-01
8.107656283554779408e-01
8.098392362682781398e-01
8.089135426266291784e-01
8.079885478666457566e-01
8.070642524212929825e-01
8.061406567203911466e-01
8.052177611906224941e-01
8.042955662555391072e-01
8.033740723355657920e-01
8.024532798480091822e-01
8.015331892070619579e-01
8.006138008238108394e-01
7.996951151062408059e-01
7.987771324592430888e-01
7.978598532846201685e-01
7.969432779810926570e-01
7.960274069443050715e-01
7.951122405668324955e-01
7.941977792381856860e-01
7.932840233448197331e-01
7.923709732701372799e-01
7.914586293944956275e-01
7.905469920952153950e-01
7.896360617465827403e-01
7.887258387198591292e-01
7.878163233832853329e-01
7.869075161020874232e-01
7.859994172384854316e-01
7.850920271516974580e-01
7.841853461979461093e-01
7.832793747304647169e-01
7.823741130995056636e-01
7.814695616523422705e-01
7.805657207332797887e-01
7.796625906836578412e-01
7.787601718418590835e-01
7.778584645433143097e-01
7.769574691205086703e-01
7.760571859029882225e-01
7.751576152173658141e-01
7.742587573873285223e-01
7.733606127336423164e-01
7.724631815741576091e-01
7.715664642238186932e-01
7.706704609946668505e-01
7.697751721958476789e-01
7.688805981336170881e-01
7.679867391113495145e-01
7.670935954295399206e-01
7.662011673858135641e-01
7.653094552749317714e-01
7.644184593887964896e-01
7.635281800164582799e-01
7.626386174441207588e-01
7.617497719551491464e-01
7.608616438300737084e-01
7.599742333465983046e-01
7.590875407796057184e-01
7.582015664011632072e-01
7.573163104805297197e-01
7.564317732841618902e-01
7.555479550757200347e-01
7.546648561160743673e-01
7.537824766633105522e-01
7.529008169727381405e-01
7.520198772968933465e-01
7.511396578855492612e-01
7.502601589857176290e-01
7.493813808416587285e-01
7.485033236948864799e-01
7.476259877841728851e-01
7.467493733455570215e-01
7.458734806123491490e-01
7.449983098151378158e-01
7.441238611817957427e-01
7.432501349374867061e-01
7.423771313046697573e-01
7.415048505031091031e-01
7.406332927498756602e-01
7.397624582593570475e-01
7.388923472432606943e-01
7.380229599106236105e-01
7.371542964678146070e-01
7.362863571185442879e-01
7.354191420638670484e-01
7.345526515021915115e-01
7.336868856292836361e-01
7.328218446382744888e-01
7.319575287196653512e-01
7.310939380613339367e-01
7.302310728485422731e-01
7.293689332639409217e-01
7.285075194875751947e-01
7.276468316968925931e-01
7.267868700667482473e-01
7.259276347694103571e-01
7.250691259745677408e-01
7.242113438493342770e-01
7.233542885582574522e-01
7.224979602633221365e-01
7.216423591239568003e-01
7.207874852970422852e-01
7.199333389369140246e-01
7.190799201953722575e-01
7.182272292216845821e-01
7.173752661625942828e-01
7.165240311623259917e-01
7.156735243625901299e-01
7.148237459025924556e-01
7.139746959190370612e-01
7.131263745461328130e-01
7.122787819156021216e-01
7.114319181566829409e-01
7.105857833961385372e-01
7.097403777582612650e-01
7.088957013648796712e-01
7.080517543353644916e-01
7.072085367866339789e-01
7.063660488331611198e-01
7.055242905869787418e-01
7.046832621576856193e-01
7.038429636524543564e-01
7.030033951760341626e-01
7.021645568307596230e-01
7.013264487165555838e-01
7.004890709309435914e-01
6.996524235690471105e-01
6.988165067235984074e-01
6.979813204849456554e-01
6.971468649410560436e-01
6.963131401775238816e-01
6.954801462775765941e-01
6.946478833220802729e-01
6.938163513895453383e-01
6.929855505561330897e-01
6.921554808956611460e-01
6.913261424796104393e-01
6.904975353771309887e-01
6.896696596550462299e-01
6.888425153778614529e-01
6.880161026077680209e-01
6.871904214046500314e-01
6.863654718260905341e-01
6.855412539273764150e-01
6.847177677615060576e-01
6.838950133791935615e-01
6.830729908288759589e-01
6.822517001567180994e-01
6.814311414066202000e-01
6.806113146202215081e-01
6.797922198369087399e-01
6.789738570938199658e-01
6.781562264258512718e-01
6.773393278656625327e-01
6.765231614436849616e-01
6.757077271881239966e-01
6.748930251249680712e-01
6.740790552779915012e-01
6.732658176687641438e-01
6.724533123166542836e-01
6.716415392388350725e-01
6.708304984502921897e-01
6.700201899638265068e-01
6.692106137900635243e-01
6.684017699374562582e-01
6.675936584122938999e-01
6.667862792187042587e-01
6.659796323586630873e-01
6.651737178319973021e-01
6.643685356363927541e-01
6.635640857673983373e-01
6.627603682184332046e-01
6.619573829807919862e-01
6.611551300436504519e-01
6.603536093940715057e-01
6.595528210170107375e-01
6.587527648953234172e-01
6.579534410097691577e-01
6.571548493390169110e-01
6.563569898596527397e-01
6.555598625461844797e-01
6.547634673710480691e-01
6.539678043046113221e-01
6.531728733151830335e-01
6.523786743690157541e-01
6.515852074303144503e-01
6.507924724612382805e-01
6.500004694219104762e-01
6.492091982704207842e-01
6.484186589628342379e-01
6.476288514531940432e-01
6.468397756935289067e-01
6.460514316338582530e-01
6.452638192221986646e-01
6.444769384045674343e-01
6.436907891249915581e-01
6.429053713255108438e-01
6.421206849461845723e-01
6.413367299250960496e-01
6.405535061983608225e-01
6.397710137001296760e-01
6.389892523625957388e-01
6.382082221159994795e-01
6.374279228886347015e-01
6.366483546068547605e-01
6.358695171950757841e-01
6.350914105757865524e-01
6.343140346695494980e-01
6.335373893950091428e-01
6.327614746688973169e-01
6.319862904060381537e-01
6.312118365193538638e-01
6.304381129198703970e-01
6.296651195167237702e-01
6.288928562171646197e-01
6.281213229265627529e-01
6.273505195484154751e-01
6.265804459843519192e-01
6.258111021341372648e-01
6.250424878956799546e-01
6.242746031650364680e-01
6.235074478364182049e-01
6.227410218021935950e-01
6.219753249528979788e-01
6.212103571772359389e-01
6.204461183620889608e-01
6.196826083925173201e-01
6.189198271517715177e-01
6.181577745212916142e-01
6.173964503807168880e-01
6.166358546078899439e-01
6.158759870788602653e-01
6.151168476678943176e-01
6.143584362474758809e-01
6.136007526883148211e-01
6.128437968593514196e-01
6.120875686277611472e-01
6.113320678589614365e-01
6.105772944166172334e-01
6.098232481626442159e-01
6.090699289572164554e-01
6.083173366587706354e-01
6.075654711240123795e-01
6.068143322079199153e-01
6.060639197637512909e-01
6.053142336430500370e-01
6.045652736956471651e-01
6.038170397696710490e-01
6.030695317115489784e-01
6.023227493660153753e-01
6.015766925761153461e-01
6.008313611832105661e-01
6.000867550269837203e-01
5.993428739454459420e-01
5.985997177749406983e-01
5.978572863501484536e-01
5.971155795040927750e-01
5.963745970681463282e-01
5.956343388720344301e-01
5.948948047438421538e-01
5.941559945100177709e-01
5.934179079953798563e-01
5.926805450231209527e-01
5.919439054148137869e-01
5.912079889904159336e-01
5.904727955682752549e-01
5.897383249651361181e-01
5.890045769961417266e-01
5.882715514748433350e-01
5.875392482132009153e-01
5.868076670215941482e-01
5.860768077088206462e-01
5.853466700821068347e-01
5.846172539471102825e-01
5.838885591079259196e-01
5.831605853670908113e-01
5.824333325255885985e-01
5.817068003828559375e-01
5.809809887367876069e-01
5.802558973837399492e-01
5.795315261185370881e-01
5.788078747344772568e-01
5.780849430233360176e-01
5.773627307753713689e-01
5.766412377793307398e-01
5.759204638224534323e-01
5.752004086904779490e-01
5.744810721676465448e-01
5.737624540367085579e-01
5.730445540789278480e-01
5.723273720740862380e-01
5.716109078004891764e-01
5.708951610349713990e-01
5.701801315529002601e-01
5.694658191281818382e-01
5.687522235332659326e-01
5.680393445391511698e-01
5.673271819153891116e-01
5.666157354300908056e-01
5.659050048499293384e-01
5.651949899401479405e-01
5.644856904645626505e-01
5.637771061855666455e-01
5.630692368641380119e-01
5.623620822598420776e-01
5.616556421308378511e-01
5.609499162338819067e-01
5.602449043243341587e-01
5.595406061561625233e-01
5.588370214819470272e-01
5.581341500528860244e-01
5.574319916187998603e-01
5.567305459281366442e-01
5.560298127279761360e-01
5.553297917640359627e-01
5.546304827806750604e-01
5.539318855208991144e-01
5.532339997263659992e-01
5.525368251373894424e-01
5.518403614929449086e-01
5.511446085306724862e-01
5.504495659868856583e-01
5.497552335965708581e-01
5.490616110933965732e-01
5.483686982097158991e-01
5.476764946765718678e-01
5.469850002237020004e-01
5.462942145795438575e-01
5.456041374712389258e-01
5.449147686246367250e-01
5.442261077643016920e-01
5.435381546135161779e-01
5.428509088942854444e-01
5.421643703273422155e-01
5.414785386321525618e-01
5.407934135269183429e-01
5.401089947285850901e-01
5.394252819528428944e-01
5.387422749141345113e-01
5.380599733256571371e-01
5.373783768993700694e-01
5.366974853459960393e-01
5.360172983750285391e-01
5.353378156947345978e-01
5.346590370121612201e-01
5.339809620331382733e-01
5.333035904622835943e-01
5.326269220030078744e-01
5.319509563575198774e-01
5.312756932268293264e-01
5.306011323107531208e-01
5.299272733079185560e-01
5.292541159157684305e-01
5.285816598305660419e-01
5.279099047473992945e-01
5.272388503601853627e-01
5.265684963616745762e-01
5.258988424434561937e-01
5.252298882959612891e-01
5.245616336084684139e-01
5.238940780691082599e-01
5.232272213648672121e-01
5.225610631815928997e-01
5.218956032039961945e-01
5.212308411156599819e-01
5.205667765990389384e-01
5.199034093354673036e-01
5.192407390051623217e-01
5.185787652872271281e-01
5.179174878596584097e-01
5.172569063993467386e-01
5.165970205820852312e-01
5.159378300825703256e-01
5.152793345744082210e-01
5.146215337301193182e-01
5.139644272211407738e-01
5.133080147178322727e-01
5.126522958894810245e-01
5.119972704043046496e-01
5.113429379294559540e-01
5.106892981310269253e-01
5.100363506740541730e-01
5.093840952225230367e-01
5.087325314393704723e-01
5.080816589864902699e-01
5.074314775247379394e-01
5.067819867139331524e-01
5.061331862128676251e-01
5.054850756793042299e-01
5.048376547699857664e-01
5.041909231406372927e-01
5.035448804459690120e-01
5.028995263396837112e-01
5.022548604744778711e-01
5.016108825020487716e-01
5.009675920730959353e-01
5.003249888373264564e-01
4.996830724434595528e-01
4.990418425392313395e-01
4.984012987713972720e-01
4.977614407857366974e-01
4.971222682270577398e-01
4.964837807392022406e-01
4.958459779650467025e-01
4.952088595465111154e-01
4.945724251245576242e-01
4.939366743392000769e-01
4.933016068295037471e-01
4.926672222335918838e-01
4.920335201886490428e-01
4.914005003309256381e-01
4.907681622957406620e-01
4.901365057174874584e-01
4.895055302296366095e-01
4.888752354647408205e-01
4.882456210544377506e-01
4.876166866294558977e-01
4.869884318196165962e-01
4.863608562538392355e-01
4.857339595601448679e-01
4.851077413656604831e-01
4.844822012966227276e-01
4.838573389783825118e-01
4.832331540354072863e-01
4.826096460912875363e-01
4.819868147687378368e-01
4.813646596896036800e-01
4.807431804748635296e-01
4.801223767446328727e-01
4.795022481181691054e-01
4.788827942138743077e-01
4.782640146493012390e-01
4.776459090411534492e-01
4.770284770052929946e-01
4.764117181567426584e-01
4.757956321096890595e-01
4.751802184774882032e-01
4.745654768726682016e-01
4.739514069069332147e-01
4.733380081911678361e-01
4.727252803354411448e-01
4.721132229490082599e-01
4.715018356403176125e-01
4.708911180170123889e-01
4.702810696859347495e-01
4.696716902531303806e-01
4.690629793238506040e-01
4.684549365025585943e-01
4.678475613929312660e-01
4.672408535978633259e-01
4.666348127194719364e-01
4.660294383590986578e-01
4.654247301173148332e-01
4.648206875939263072e-01
4.642173103879733698e-01
4.636145980977380843e-01
4.630125503207461191e-01
4.624111666537715770e-01
4.618104466928393825e-01
4.612103900332295559e-01
4.606109962694821536e-01
4.600122649953981013e-01
4.594141958040451335e-01
4.588167882877620674e-01
4.582200420381593031e-01
4.576239566461254293e-01
4.570285317018296656e-01
4.564337667947247490e-01
4.558396615135526520e-01
4.552462154463453592e-01
4.546534281804315292e-01
4.540612993024370492e-01
4.534698283982906419e-01
4.528790150532280845e-01
4.522888588517926522e-01
4.516993593778413918e-01
4.511105162145475078e-01
4.505223289444052481e-01
4.499347971492305698e-01
4.493479204101684110e-01
4.487616983076929689e-01
4.481761304216135278e-01
4.475912163310755698e-01
4.470069556145664924e-01
4.464233478499188834e-01
4.458403926143112428e-01
4.452580894842761983e-01
4.446764380356985069e-01
4.440954378438237704e-01
4.435150884832579354e-01
4.429353895279724007e-01
4.423563405513080138e-01
4.417779411259754596e-01
4.412001908240641979e-01
4.406230892170391877e-01
4.400466358757499363e-01
4.394708303704313868e-01
4.388956722707055280e-01
4.383211611455893331e-01
4.377472965634938151e-01
4.371740780922291902e-01
4.366015052990086520e-01
4.360295777504514803e-01
4.354582950125855390e-01
4.348876566508503294e-01
4.343176622301016532e-01
4.337483113146156088e-01
4.331796034680885366e-01
4.326115382536441789e-01
4.320441152338335145e-01
4.314773339706405308e-01
4.309111940254852779e-01
4.303456949592249225e-01
4.297808363321604652e-01
4.292166177040365738e-01
4.286530386340468568e-01
4.280900986808360287e-01
4.275277974025046279e-01
4.269661343566106271e-01
4.264051091001736515e-01
4.258447211896767004e-01
4.252849701810718641e-01
4.247258556297817123e-01
4.241673770907022356e-01
4.236095341182067875e-01
4.230523262661491368e-01
4.224957530878661882e-01
4.219398141361824783e-01
4.213845089634116747e-01
4.208298371213591849e-01
4.202757981613279847e-01
4.197223916341200067e-01
4.191696170900385265e-01
4.186174740788928261e-01
4.180659621500000256e-01
4.175150808521890244e-01
4.169648297338033327e-01
4.164152083427037909e-01
4.158662162262726225e-01
4.153178529314142664e-01
4.147701180045611502e-01
4.142230109916754666e-01
4.136765314382520042e-01
4.131306788893204796e-01
4.125854528894510875e-01
4.120408529827546129e-01
4.114968787128867045e-01
4.109535296230521495e-01
4.104108052560052622e-01
4.098687051540542692e-01
4.093272288590645291e-01
4.087863759124605312e-01
4.082461458552304467e-01
4.077065382279275174e-01
4.071675525706729415e-01
4.066291884231600928e-01
4.060914453246565747e-01
4.055543228140072731e-01
4.050178204296378537e-01
4.044819377095554835e-01
4.039466741913551040e-01
4.034120294122191530e-01
4.028780029089232828e-01
4.023445942178370816e-01
4.018118028749267934e-01
4.012796284157608695e-01
4.007480703755085805e-01
4.002171282889470660e-01
3.996868016904622789e-01
3.991570901140503724e-01
3.986279930933236404e-01
3.980995101615115717e-01
3.975716408514626821e-01
3.970443846956492329e-01
3.965177412261692291e-01
3.959917099747481406e-01
3.954662904727446193e-01
3.949414822511496670e-01
3.944172848405917975e-01
3.938936977713387577e-01
3.933707205733003587e-01
3.928483527760329719e-01
3.923265939087389187e-01
3.918054435002717439e-01
3.912849010791388804e-01
3.907649661735016489e-01
3.902456383111820859e-01
3.897269170196623889e-01
3.892088018260898008e-01
3.886912922572771656e-01
3.881743878397060921e-01
3.876580880995323386e-01
3.871423925625849249e-01
3.866273007543705176e-01
3.861128122000751506e-01
3.855989264245684445e-01
3.850856429524047719e-01
3.845729613078257558e-01
3.840608810147651542e-01
3.835494015968476944e-01
3.830385225773952351e-01
3.825282434794279318e-01
