1.111111111111111154e-02
2.222222222222222307e-02
3.333333333333333287e-02
4.444444444444444614e-02
5.555555555555555247e-02
6.666666666666666574e-02
7.777777777777777901e-02
8.888888888888889228e-02
1.000000000000000056e-01
1.111111111111111049e-01
1.222222222222222182e-01
1.333333333333333315e-01
1.444444444444444309e-01
1.555555555555555580e-01
1.666666666666666574e-01
1.777777777777777846e-01
1.888888888888888840e-01
2.000000000000000111e-01
2.111111111111111105e-01
2.222222222222222099e-01
2.333333333333333370e-01
2.444444444444444364e-01
2.555555555555555358e-01
2.666666666666666630e-01
2.777777777777777901e-01
2.888888888888888618e-01
2.999999999999999889e-01
3.111111111111111160e-01
3.222222222222222432e-01
3.333333333333333148e-01
3.444444444444444420e-01
3.555555555555555691e-01
3.666666666666666408e-01
3.777777777777777679e-01
3.888888888888888951e-01
4.000000000000000222e-01
4.111111111111110938e-01
4.222222222222222210e-01
4.333333333333333481e-01
4.444444444444444198e-01
4.555555555555555469e-01
4.666666666666666741e-01
4.777777777777778012e-01
4.888888888888888729e-01
5.000000000000000000e-01
5.111111111111110716e-01
5.222222222222222543e-01
5.333333333333333259e-01
5.444444444444443976e-01
5.555555555555555802e-01
5.666666666666666519e-01
5.777777777777777235e-01
5.888888888888889062e-01
5.999999999999999778e-01
6.111111111111111605e-01
6.222222222222222321e-01
6.333333333333333037e-01
6.444444444444444864e-01
6.555555555555555580e-01
6.666666666666666297e-01
6.777777777777778123e-01
6.888888888888888840e-01
6.999999999999999556e-01
7.111111111111111382e-01
7.222222222222222099e-01
7.333333333333332815e-01
7.444444444444444642e-01
7.555555555555555358e-01
7.666666666666667185e-01
7.777777777777777901e-01
7.888888888888888618e-01
8.000000000000000444e-01
8.111111111111111160e-01
8.222222222222221877e-01
8.333333333333333703e-01
8.444444444444444420e-01
8.555555555555555136e-01
8.666666666666666963e-01
8.777777777777777679e-01
8.888888888888888395e-01
9.000000000000000222e-01
9.111111111111110938e-01
9.222222222222222765e-01
9.333333333333333481e-01
9.444444444444444198e-01
9.555555555555556024e-01
9.666666666666666741e-01
9.777777777777777457e-01
9.888888888888889284e-01
1.000000000000000000e+00
1.011111111111111072e+00
1.022222222222222143e+00
1.033333333333333437e+00
1.044444444444444509e+00
1.055555555555555580e+00
1.066666666666666652e+00
1.077777777777777724e+00
1.088888888888888795e+00
1.100000000000000089e+00
1.111111111111111160e+00
1.122222222222222232e+00
1.133333333333333304e+00
1.144444444444444375e+00
1.155555555555555447e+00
1.166666666666666741e+00
1.177777777777777812e+00
1.188888888888888884e+00
1.199999999999999956e+00
1.211111111111111027e+00
1.222222222222222321e+00
1.233333333333333393e+00
1.244444444444444464e+00
1.255555555555555536e+00
1.266666666666666607e+00
1.277777777777777679e+00
1.288888888888888973e+00
1.300000000000000044e+00
1.311111111111111116e+00
1.322222222222222188e+00
1.333333333333333259e+00
1.344444444444444553e+00
1.355555555555555625e+00
1.366666666666666696e+00
1.377777777777777768e+00
1.388888888888888840e+00
1.399999999999999911e+00
1.411111111111111205e+00
1.422222222222222276e+00
1.433333333333333348e+00
1.444444444444444420e+00
1.455555555555555491e+00
1.466666666666666563e+00
1.477777777777777857e+00
1.488888888888888928e+00
1.500000000000000000e+00
1.511111111111111072e+00
1.522222222222222143e+00
1.533333333333333437e+00
1.544444444444444509e+00
1.555555555555555580e+00
1.566666666666666652e+00
1.577777777777777724e+00
1.588888888888888795e+00
1.600000000000000089e+00
1.611111111111111160e+00
1.622222222222222232e+00
1.633333333333333304e+00
1.644444444444444375e+00
1.655555555555555447e+00
1.666666666666666741e+00
1.677777777777777812e+00
1.688888888888888884e+00
1.699999999999999956e+00
1.711111111111111027e+00
1.722222222222222321e+00
1.733333333333333393e+00
1.744444444444444464e+00
1.755555555555555536e+00
1.766666666666666607e+00
1.777777777777777679e+00
1.788888888888888973e+00
1.800000000000000044e+00
1.811111111111111116e+00
1.822222222222222188e+00
1.833333333333333259e+00
1.844444444444444553e+00
1.855555555555555625e+00
1.866666666666666696e+00
1.877777777777777768e+00
1.888888888888888840e+00
1.899999999999999911e+00
1.911111111111111205e+00
1.922222222222222276e+00
1.933333333333333348e+00
1.944444444444444420e+00
1.955555555555555491e+00
1.966666666666666563e+00
1.977777777777777857e+00
1.988888888888888928e+00
2.000000000000000000e+00
2.011111111111111072e+00
2.022222222222222143e+00
2.033333333333333215e+00
2.044444444444444287e+00
2.055555555555555358e+00
2.066666666666666874e+00
2.077777777777777946e+00
2.088888888888889017e+00
2.100000000000000089e+00
2.111111111111111160e+00
2.122222222222222232e+00
2.133333333333333304e+00
2.144444444444444375e+00
2.155555555555555447e+00
2.166666666666666519e+00
2.177777777777777590e+00
2.188888888888889106e+00
2.200000000000000178e+00
2.211111111111111249e+00
2.222222222222222321e+00
2.233333333333333393e+00
2.244444444444444464e+00
2.255555555555555536e+00
2.266666666666666607e+00
2.277777777777777679e+00
2.288888888888888751e+00
2.299999999999999822e+00
2.311111111111110894e+00
2.322222222222222410e+00
2.333333333333333481e+00
2.344444444444444553e+00
2.355555555555555625e+00
2.366666666666666696e+00
2.377777777777777768e+00
2.388888888888888840e+00
2.399999999999999911e+00
2.411111111111110983e+00
2.422222222222222054e+00
2.433333333333333126e+00
2.444444444444444642e+00
2.455555555555555713e+00
2.466666666666666785e+00
2.477777777777777857e+00
2.488888888888888928e+00
2.500000000000000000e+00
2.511111111111111072e+00
2.522222222222222143e+00
2.533333333333333215e+00
2.544444444444444287e+00
2.555555555555555358e+00
2.566666666666666874e+00
2.577777777777777946e+00
2.588888888888889017e+00
2.600000000000000089e+00
2.611111111111111160e+00
2.622222222222222232e+00
2.633333333333333304e+00
2.644444444444444375e+00
2.655555555555555447e+00
2.666666666666666519e+00
2.677777777777777590e+00
2.688888888888889106e+00
2.700000000000000178e+00
2.711111111111111249e+00
2.722222222222222321e+00
2.733333333333333393e+00
2.744444444444444464e+00
2.755555555555555536e+00
2.766666666666666607e+00
2.777777777777777679e+00
2.788888888888888751e+00
2.799999999999999822e+00
2.811111111111110894e+00
2.822222222222222410e+00
2.833333333333333481e+00
2.844444444444444553e+00
2.855555555555555625e+00
2.866666666666666696e+00
2.877777777777777768e+00
2.888888888888888840e+00
2.899999999999999911e+00
2.911111111111110983e+00
2.922222222222222054e+00
2.933333333333333126e+00
2.944444444444444642e+00
2.955555555555555713e+00
2.966666666666666785e+00
2.977777777777777857e+00
2.988888888888888928e+00
3.000000000000000000e+00
3.011111111111111072e+00
3.022222222222222143e+00
3.033333333333333215e+00
3.044444444444444287e+00
3.055555555555555358e+00
3.066666666666666874e+00
3.077777777777777946e+00
3.088888888888889017e+00
3.100000000000000089e+00
3.111111111111111160e+00
3.122222222222222232e+00
3.133333333333333304e+00
3.144444444444444375e+00
3.155555555555555447e+00
3.166666666666666519e+00
3.177777777777777590e+00
3.188888888888889106e+00
3.200000000000000178e+00
3.211111111111111249e+00
3.222222222222222321e+00
3.233333333333333393e+00
3.244444444444444464e+00
3.255555555555555536e+00
3.266666666666666607e+00
3.277777777777777679e+00
3.288888888888888751e+00
3.299999999999999822e+00
3.311111111111110894e+00
3.322222222222222410e+00
3.333333333333333481e+00
3.344444444444444553e+00
3.355555555555555625e+00
3.366666666666666696e+00
3.377777777777777768e+00
3.388888888888888840e+00
3.399999999999999911e+00
3.411111111111110983e+00
3.422222222222222054e+00
3.433333333333333126e+00
3.444444444444444642e+00
3.455555555555555713e+00
3.466666666666666785e+00
3.477777777777777857e+00
3.488888888888888928e+00
3.500000000000000000e+00
3.511111111111111072e+00
3.522222222222222143e+00
3.533333333333333215e+00
3.544444444444444287e+00
3.555555555555555358e+00
3.566666666666666874e+00
3.577777777777777946e+00
3.588888888888889017e+00
3.600000000000000089e+00
3.611111111111111160e+00
3.622222222222222232e+00
3.633333333333333304e+00
3.644444444444444375e+00
3.655555555555555447e+00
3.666666666666666519e+00
3.677777777777777590e+00
3.688888888888889106e+00
3.700000000000000178e+00
3.711111111111111249e+00
3.722222222222222321e+00
3.733333333333333393e+00
3.744444444444444464e+00
3.755555555555555536e+00
3.766666666666666607e+00
3.777777777777777679e+00
3.788888888888888751e+00
3.799999999999999822e+00
3.811111111111110894e+00
3.822222222222222410e+00
3.833333333333333481e+00
3.844444444444444553e+00
3.855555555555555625e+00
3.866666666666666696e+00
3.877777777777777768e+00
3.888888888888888840e+00
3.899999999999999911e+00
3.911111111111110983e+00
3.922222222222222054e+00
3.933333333333333126e+00
3.944444444444444642e+00
3.955555555555555713e+00
3.966666666666666785e+00
3.977777777777777857e+00
3.988888888888888928e+00
4.000000000000000000e+00
4.011111111111111072e+00
4.022222222222222143e+00
4.033333333333333215e+00
4.044444444444444287e+00
4.055555555555555358e+00
4.066666666666666430e+00
4.077777777777777501e+00
4.088888888888888573e+00
4.099999999999999645e+00
4.111111111111110716e+00
4.122222222222221788e+00
4.133333333333333748e+00
4.144444444444444819e+00
4.155555555555555891e+00
4.166666666666666963e+00
4.177777777777778034e+00
4.188888888888889106e+00
4.200000000000000178e+00
4.211111111111111249e+00
4.222222222222222321e+00
4.233333333333333393e+00
4.244444444444444464e+00
4.255555555555555536e+00
4.266666666666666607e+00
4.277777777777777679e+00
4.288888888888888751e+00
4.299999999999999822e+00
4.311111111111110894e+00
4.322222222222221966e+00
4.333333333333333037e+00
4.344444444444444109e+00
4.355555555555555181e+00
4.366666666666666252e+00
4.377777777777778212e+00
4.388888888888889284e+00
4.400000000000000355e+00
4.411111111111111427e+00
4.422222222222222499e+00
4.433333333333333570e+00
4.444444444444444642e+00
4.455555555555555713e+00
4.466666666666666785e+00
4.477777777777777857e+00
4.488888888888888928e+00
4.500000000000000000e+00
4.511111111111111072e+00
4.522222222222222143e+00
4.533333333333333215e+00
4.544444444444444287e+00
4.555555555555555358e+00
4.566666666666666430e+00
4.577777777777777501e+00
4.588888888888888573e+00
4.599999999999999645e+00
4.611111111111110716e+00
4.622222222222221788e+00
4.633333333333333748e+00
4.644444444444444819e+00
4.655555555555555891e+00
4.666666666666666963e+00
4.677777777777778034e+00
4.688888888888889106e+00
4.700000000000000178e+00
4.711111111111111249e+00
4.722222222222222321e+00
4.733333333333333393e+00
4.744444444444444464e+00
4.755555555555555536e+00
4.766666666666666607e+00
4.777777777777777679e+00
4.788888888888888751e+00
4.799999999999999822e+00
4.811111111111110894e+00
4.822222222222221966e+00
4.833333333333333037e+00
4.844444444444444109e+00
4.855555555555555181e+00
4.866666666666666252e+00
4.877777777777778212e+00
4.888888888888889284e+00
4.900000000000000355e+00
4.911111111111111427e+00
4.922222222222222499e+00
4.933333333333333570e+00
4.944444444444444642e+00
4.955555555555555713e+00
4.966666666666666785e+00
4.977777777777777857e+00
4.988888888888888928e+00
5.000000000000000000e+00
5.011111111111111072e+00
5.022222222222222143e+00
5.033333333333333215e+00
5.044444444444444287e+00
5.055555555555555358e+00
5.066666666666666430e+00
5.077777777777777501e+00
5.088888888888888573e+00
5.099999999999999645e+00
5.111111111111110716e+00
5.122222222222221788e+00
5.133333333333333748e+00
5.144444444444444819e+00
5.155555555555555891e+00
5.166666666666666963e+00
5.177777777777778034e+00
5.188888888888889106e+00
5.200000000000000178e+00
5.211111111111111249e+00
5.222222222222222321e+00
5.233333333333333393e+00
5.244444444444444464e+00
5.255555555555555536e+00
5.266666666666666607e+00
5.277777777777777679e+00
5.288888888888888751e+00
5.299999999999999822e+00
5.311111111111110894e+00
5.322222222222221966e+00
5.333333333333333037e+00
5.344444444444444109e+00
5.355555555555555181e+00
5.366666666666666252e+00
5.377777777777778212e+00
5.388888888888889284e+00
5.400000000000000355e+00
5.411111111111111427e+00
5.422222222222222499e+00
5.433333333333333570e+00
5.444444444444444642e+00
5.455555555555555713e+00
5.466666666666666785e+00
5.477777777777777857e+00
5.488888888888888928e+00
5.500000000000000000e+00
5.511111111111111072e+00
5.522222222222222143e+00
5.533333333333333215e+00
5.544444444444444287e+00
5.555555555555555358e+00
5.566666666666666430e+00
5.577777777777777501e+00
5.588888888888888573e+00
5.599999999999999645e+00
5.611111111111110716e+00
5.622222222222221788e+00
5.633333333333333748e+00
5.644444444444444819e+00
5.655555555555555891e+00
5.666666666666666963e+00
5.677777777777778034e+00
5.688888888888889106e+00
5.700000000000000178e+00
5.711111111111111249e+00
5.722222222222222321e+00
5.733333333333333393e+00
5.744444444444444464e+00
5.755555555555555536e+00
5.766666666666666607e+00
5.777777777777777679e+00
5.788888888888888751e+00
5.799999999999999822e+00
5.811111111111110894e+00
5.822222222222221966e+00
5.833333333333333037e+00
5.844444444444444109e+00
5.855555555555555181e+00
5.866666666666666252e+00
5.877777777777778212e+00
5.888888888888889284e+00
5.900000000000000355e+00
5.911111111111111427e+00
5.922222222222222499e+00
5.933333333333333570e+00
5.944444444444444642e+00
5.955555555555555713e+00
5.966666666666666785e+00
5.977777777777777857e+00
5.988888888888888928e+00
6.000000000000000000e+00
6.011111111111111072e+00
6.022222222222222143e+00
6.033333333333333215e+00
6.044444444444444287e+00
6.055555555555555358e+00
6.066666666666666430e+00
6.077777777777777501e+00
6.088888888888888573e+00
6.099999999999999645e+00
6.111111111111110716e+00
6.122222222222221788e+00
6.133333333333333748e+00
6.144444444444444819e+00
6.155555555555555891e+00
6.166666666666666963e+00
6.177777777777778034e+00
6.188888888888889106e+00
6.200000000000000178e+00
6.211111111111111249e+00
6.222222222222222321e+00
6.233333333333333393e+00
6.244444444444444464e+00
6.255555555555555536e+00
6.266666666666666607e+00
6.277777777777777679e+00
6.288888888888888751e+00
6.299999999999999822e+00
6.311111111111110894e+00
6.322222222222221966e+00
6.333333333333333037e+00
6.344444444444444109e+00
6.355555555555555181e+00
6.366666666666666252e+00
6.377777777777778212e+00
6.388888888888889284e+00
6.400000000000000355e+00
6.411111111111111427e+00
6.422222222222222499e+00
6.433333333333333570e+00
6.444444444444444642e+00
6.455555555555555713e+00
6.466666666666666785e+00
6.477777777777777857e+00
6.488888888888888928e+00
6.500000000000000000e+00
6.511111111111111072e+00
6.522222222222222143e+00
6.533333333333333215e+00
6.544444444444444287e+00
6.555555555555555358e+00
6.566666666666666430e+00
6.577777777777777501e+00
6.588888888888888573e+00
6.599999999999999645e+00
6.611111111111110716e+00
6.622222222222221788e+00
6.633333333333333748e+00
6.644444444444444819e+00
6.655555555555555891e+00
6.666666666666666963e+00
6.677777777777778034e+00
6.688888888888889106e+00
6.700000000000000178e+00
6.711111111111111249e+00
6.722222222222222321e+00
6.733333333333333393e+00
6.744444444444444464e+00
6.755555555555555536e+00
6.766666666666666607e+00
6.777777777777777679e+00
6.788888888888888751e+00
6.799999999999999822e+00
6.811111111111110894e+00
6.822222222222221966e+00
6.833333333333333037e+00
6.844444444444444109e+00
6.855555555555555181e+00
6.866666666666666252e+00
6.877777777777778212e+00
6.888888888888889284e+00
6.900000000000000355e+00
6.911111111111111427e+00
6.922222222222222499e+00
6.933333333333333570e+00
6.944444444444444642e+00
6.955555555555555713e+00
6.966666666666666785e+00
6.977777777777777857e+00
6.988888888888888928e+00
7.000000000000000000e+00
7.011111111111111072e+00
7.022222222222222143e+00
7.033333333333333215e+00
7.044444444444444287e+00
7.055555555555555358e+00
7.066666666666666430e+00
7.077777777777777501e+00
7.088888888888888573e+00
7.099999999999999645e+00
7.111111111111110716e+00
7.122222222222221788e+00
7.133333333333333748e+00
7.144444444444444819e+00
7.155555555555555891e+00
7.166666666666666963e+00
7.177777777777778034e+00
7.188888888888889106e+00
7.200000000000000178e+00
7.211111111111111249e+00
7.222222222222222321e+00
7.233333333333333393e+00
7.244444444444444464e+00
7.255555555555555536e+00
7.266666666666666607e+00
7.277777777777777679e+00
7.288888888888888751e+00
7.299999999999999822e+00
7.311111111111110894e+00
7.322222222222221966e+00
7.333333333333333037e+00
7.344444444444444109e+00
7.355555555555555181e+00
7.366666666666666252e+00
7.377777777777778212e+00
7.388888888888889284e+00
7.400000000000000355e+00
7.411111111111111427e+00
7.422222222222222499e+00
7.433333333333333570e+00
7.444444444444444642e+00
7.455555555555555713e+00
7.466666666666666785e+00
7.477777777777777857e+00
7.488888888888888928e+00
7.500000000000000000e+00
7.511111111111111072e+00
7.522222222222222143e+00
7.533333333333333215e+00
7.544444444444444287e+00
7.555555555555555358e+00
7.566666666666666430e+00
7.577777777777777501e+00
7.588888888888888573e+00
7.599999999999999645e+00
7.611111111111110716e+00
7.622222222222221788e+00
7.633333333333333748e+00
7.644444444444444819e+00
7.655555555555555891e+00
7.666666666666666963e+00
7.677777777777778034e+00
7.688888888888889106e+00
7.700000000000000178e+00
7.711111111111111249e+00
7.722222222222222321e+00
7.733333333333333393e+00
7.744444444444444464e+00
7.755555555555555536e+00
7.766666666666666607e+00
7.777777777777777679e+00
7.788888888888888751e+00
7.799999999999999822e+00
7.811111111111110894e+00
7.822222222222221966e+00
7.833333333333333037e+00
7.844444444444444109e+00
7.855555555555555181e+00
7.866666666666666252e+00
7.877777777777778212e+00
7.888888888888889284e+00
7.900000000000000355e+00
7.911111111111111427e+00
7.922222222222222499e+00
7.933333333333333570e+00
7.944444444444444642e+00
7.955555555555555713e+00
7.966666666666666785e+00
7.977777777777777857e+00
7.988888888888888928e+00
8.000000000000000000e+00
8.011111111111111072e+00
8.022222222222222143e+00
8.033333333333333215e+00
8.044444444444444287e+00
8.055555555555555358e+00
8.066666666666666430e+00
8.077777777777777501e+00
8.088888888888888573e+00
8.099999999999999645e+00
8.111111111111110716e+00
8.122222222222221788e+00
8.133333333333332860e+00
8.144444444444443931e+00
8.155555555555555003e+00
8.166666666666666075e+00
8.177777777777777146e+00
8.188888888888888218e+00
8.199999999999999289e+00
8.211111111111110361e+00
8.222222222222221433e+00
8.233333333333332504e+00
8.244444444444443576e+00
8.255555555555556424e+00
8.266666666666667496e+00
8.277777777777778567e+00
8.288888888888889639e+00
8.300000000000000711e+00
8.311111111111111782e+00
8.322222222222222854e+00
8.333333333333333925e+00
8.344444444444444997e+00
8.355555555555556069e+00
8.366666666666667140e+00
8.377777777777778212e+00
8.388888888888889284e+00
8.400000000000000355e+00
8.411111111111111427e+00
8.422222222222222499e+00
8.433333333333333570e+00
8.444444444444444642e+00
8.455555555555555713e+00
8.466666666666666785e+00
8.477777777777777857e+00
8.488888888888888928e+00
8.500000000000000000e+00
8.511111111111111072e+00
8.522222222222222143e+00
8.533333333333333215e+00
8.544444444444444287e+00
8.555555555555555358e+00
8.566666666666666430e+00
8.577777777777777501e+00
8.588888888888888573e+00
8.599999999999999645e+00
8.611111111111110716e+00
8.622222222222221788e+00
8.633333333333332860e+00
8.644444444444443931e+00
8.655555555555555003e+00
8.666666666666666075e+00
8.677777777777777146e+00
8.688888888888888218e+00
8.699999999999999289e+00
8.711111111111110361e+00
8.722222222222221433e+00
8.733333333333332504e+00
8.744444444444443576e+00
8.755555555555556424e+00
8.766666666666667496e+00
8.777777777777778567e+00
8.788888888888889639e+00
8.800000000000000711e+00
8.811111111111111782e+00
8.822222222222222854e+00
8.833333333333333925e+00
8.844444444444444997e+00
8.855555555555556069e+00
8.866666666666667140e+00
8.877777777777778212e+00
8.888888888888889284e+00
8.900000000000000355e+00
8.911111111111111427e+00
8.922222222222222499e+00
8.933333333333333570e+00
8.944444444444444642e+00
8.955555555555555713e+00
8.966666666666666785e+00
8.977777777777777857e+00
8.988888888888888928e+00
9.000000000000000000e+00
9.011111111111111072e+00
9.022222222222222143e+00
9.033333333333333215e+00
9.044444444444444287e+00
9.055555555555555358e+00
9.066666666666666430e+00
9.077777777777777501e+00
9.088888888888888573e+00
9.099999999999999645e+00
9.111111111111110716e+00
9.122222222222221788e+00
9.133333333333332860e+00
9.144444444444443931e+00
9.155555555555555003e+00
9.166666666666666075e+00
9.177777777777777146e+00
9.188888888888888218e+00
9.199999999999999289e+00
9.211111111111110361e+00
9.222222222222221433e+00
9.233333333333332504e+00
9.244444444444443576e+00
9.255555555555556424e+00
9.266666666666667496e+00
9.277777777777778567e+00
9.288888888888889639e+00
9.300000000000000711e+00
9.311111111111111782e+00
9.322222222222222854e+00
9.333333333333333925e+00
9.344444444444444997e+00
9.355555555555556069e+00
9.366666666666667140e+00
9.377777777777778212e+00
9.388888888888889284e+00
9.400000000000000355e+00
9.411111111111111427e+00
9.422222222222222499e+00
9.433333333333333570e+00
9.444444444444444642e+00
9.455555555555555713e+00
9.466666666666666785e+00
9.477777777777777857e+00
9.488888888888888928e+00
9.500000000000000000e+00
9.511111111111111072e+00
9.522222222222222143e+00
9.533333333333333215e+00
9.544444444444444287e+00
9.555555555555555358e+00
9.566666666666666430e+00
9.577777777777777501e+00
9.588888888888888573e+00
9.599999999999999645e+00
9.611111111111110716e+00
9.622222222222221788e+00
9.633333333333332860e+00
9.644444444444443931e+00
9.655555555555555003e+00
9.666666666666666075e+00
9.677777777777777146e+00
9.688888888888888218e+00
9.699999999999999289e+00
9.711111111111110361e+00
9.722222222222221433e+00
9.733333333333332504e+00
9.744444444444443576e+00
9.755555555555556424e+00
9.766666666666667496e+00
9.777777777777778567e+00
9.788888888888889639e+00
9.800000000000000711e+00
9.811111111111111782e+00
9.822222222222222854e+00
9.833333333333333925e+00
9.844444444444444997e+00
9.855555555555556069e+00
9.866666666666667140e+00
9.877777777777778212e+00
9.888888888888889284e+00
9.900000000000000355e+00
9.911111111111111427e+00
9.922222222222222499e+00
9.933333333333333570e+00
9.944444444444444642e+00
9.955555555555555713e+00
9.966666666666666785e+00
9.977777777777777857e+00
9.988888888888888928e+00
1.000000000000000000e+01
1.001111111111111107e+01
1.002222222222222214e+01
1.003333333333333321e+01
1.004444444444444429e+01
1.005555555555555536e+01
1.006666666666666643e+01
1.007777777777777750e+01
1.008888888888888857e+01
1.009999999999999964e+01
1.011111111111111072e+01
1.012222222222222179e+01
1.013333333333333286e+01
1.014444444444444393e+01
1.015555555555555500e+01
1.016666666666666607e+01
1.017777777777777715e+01
1.018888888888888822e+01
1.019999999999999929e+01
1.021111111111111036e+01
1.022222222222222143e+01
1.023333333333333250e+01
1.024444444444444358e+01
1.025555555555555642e+01
1.026666666666666750e+01
1.027777777777777857e+01
1.028888888888888964e+01
1.030000000000000071e+01
1.031111111111111178e+01
1.032222222222222285e+01
1.033333333333333393e+01
1.034444444444444500e+01
1.035555555555555607e+01
1.036666666666666714e+01
1.037777777777777821e+01
1.038888888888888928e+01
1.040000000000000036e+01
1.041111111111111143e+01
1.042222222222222250e+01
1.043333333333333357e+01
1.044444444444444464e+01
1.045555555555555571e+01
1.046666666666666679e+01
1.047777777777777786e+01
1.048888888888888893e+01
1.050000000000000000e+01
1.051111111111111107e+01
1.052222222222222214e+01
1.053333333333333321e+01
1.054444444444444429e+01
1.055555555555555536e+01
1.056666666666666643e+01
1.057777777777777750e+01
1.058888888888888857e+01
1.059999999999999964e+01
1.061111111111111072e+01
1.062222222222222179e+01
1.063333333333333286e+01
1.064444444444444393e+01
1.065555555555555500e+01
1.066666666666666607e+01
1.067777777777777715e+01
1.068888888888888822e+01
1.069999999999999929e+01
1.071111111111111036e+01
1.072222222222222143e+01
1.073333333333333250e+01
1.074444444444444358e+01
1.075555555555555642e+01
1.076666666666666750e+01
1.077777777777777857e+01
1.078888888888888964e+01
1.080000000000000071e+01
1.081111111111111178e+01
1.082222222222222285e+01
1.083333333333333393e+01
1.084444444444444500e+01
1.085555555555555607e+01
1.086666666666666714e+01
1.087777777777777821e+01
1.088888888888888928e+01
1.090000000000000036e+01
1.091111111111111143e+01
1.092222222222222250e+01
1.093333333333333357e+01
1.094444444444444464e+01
1.095555555555555571e+01
1.096666666666666679e+01
1.097777777777777786e+01
1.098888888888888893e+01
1.100000000000000000e+01
1.101111111111111107e+01
1.102222222222222214e+01
1.103333333333333321e+01
1.104444444444444429e+01
1.105555555555555536e+01
1.106666666666666643e+01
1.107777777777777750e+01
1.108888888888888857e+01
1.109999999999999964e+01
1.111111111111111072e+01
1.112222222222222179e+01
1.113333333333333286e+01
1.114444444444444393e+01
1.115555555555555500e+01
1.116666666666666607e+01
1.117777777777777715e+01
1.118888888888888822e+01
1.119999999999999929e+01
1.121111111111111036e+01
1.122222222222222143e+01
1.123333333333333250e+01
1.124444444444444358e+01
1.125555555555555642e+01
1.126666666666666750e+01
1.127777777777777857e+01
1.128888888888888964e+01
1.130000000000000071e+01
1.131111111111111178e+01
1.132222222222222285e+01
1.133333333333333393e+01
1.134444444444444500e+01
1.135555555555555607e+01
1.136666666666666714e+01
1.137777777777777821e+01
1.138888888888888928e+01
1.140000000000000036e+01
1.141111111111111143e+01
1.142222222222222250e+01
1.143333333333333357e+01
1.144444444444444464e+01
1.145555555555555571e+01
1.146666666666666679e+01
1.147777777777777786e+01
1.148888888888888893e+01
1.150000000000000000e+01
1.151111111111111107e+01
1.152222222222222214e+01
1.153333333333333321e+01
1.154444444444444429e+01
1.155555555555555536e+01
1.156666666666666643e+01
1.157777777777777750e+01
1.158888888888888857e+01
1.159999999999999964e+01
1.161111111111111072e+01
1.162222222222222179e+01
